#WL	ARC14
337	0.0001
338	0.001
339	0.0083
340	0.0819
341	0.117
342	0.169
343	0.2467
344	0.3634
345	0.5398
346	0.808
347	1.2176
348	1.8472
349	2.8225
350	4.3498
351	6.6553
352	8.7187
353	11.567
354	15.6355
355	21.5205
356	28.6286
357	37.6389
358	48.1765
359	58.7664
360	65.5196
361	68.6765
362	69.4469
363	68.8412
364	67.8597
365	67.7988
366	68.504
367	70.0197
368	72.4086
369	75.6177
370	79.0332
371	82.0219
372	84.7146
373	86.5495
374	87.0054
375	85.7543
376	82.646
377	77.9364
378	72.258
379	66.1577
380	60.0801
381	54.3224
382	49.2991
383	44.9367
384	40.9631
385	37.382
386	34.1824
387	31.3447
388	28.8357
389	26.5808
390	24.6602
391	23.0422
392	21.6995
393	20.6089
394	19.752
395	19.1146
396	18.6014
397	18.2452
398	18.0614
399	18.051
400	18.2188
401	18.5743
402	19.1322
403	19.9212
404	20.9712
405	22.3091
406	23.9736
407	26.0035
408	28.4363
409	31.2937
410	34.5604
411	38.2084
412	42.0643
413	45.6667
414	48.4933
415	49.9985
416	49.8199
417	47.9523
418	44.7535
419	40.7731
420	36.772
421	33.0276
422	29.5572
423	26.439
424	23.6907
425	21.2955
426	19.2189
427	17.4209
428	15.8613
429	14.5033
430	13.2768
431	12.2013
432	11.251
433	10.4047
434	9.6449
435	8.9579
436	8.3329
437	7.7619
438	7.2369
439	6.7525
440	6.3258
441	5.9289
442	5.5598
443	5.2167
444	4.8981
445	4.6029
446	4.3299
447	4.0778
448	3.8458
449	3.6326
450	3.4373
451	3.2574
452	3.0938
453	2.9453
454	2.8111
455	2.6902
456	2.5818
457	2.4849
458	2.3989
459	2.3231
460	2.2568
461	2.1995
462	2.1509
463	2.1106
464	2.0782
465	2.0535
466	2.0363
467	2.0264
468	2.0239
469	2.0289
470	2.0413
471	2.0614
472	2.0895
473	2.1259
474	2.1706
475	2.2185
476	2.2753
477	2.3418
478	2.4188
479	2.5075
480	2.6089
481	2.7246
482	2.8563
483	3.006
484	3.1762
485	3.3697
486	3.5899
487	3.8409
488	4.1322
489	4.4718
490	4.8632
491	5.3158
492	5.8414
493	6.4543
494	7.1725
495	8.0181
496	9.0192
497	10.2107
498	11.6369
499	13.3536
500	15.4311
501	17.957
502	21.0258
503	24.7583
504	29.3107
505	34.8327
506	41.4487
507	49.198
508	57.9385
509	67.2256
510	76.235
511	83.8384
512	88.9063
513	90.7564
514	89.4381
515	85.6389
516	80.3214
517	74.4544
518	68.6665
519	63.2362
520	58.3396
521	54.0355
522	50.316
523	47.1404
524	44.4553
525	42.2057
526	40.3403
527	38.8139
528	37.5883
529	36.6316
530	35.9179
531	35.4269
532	35.1427
533	35.0538
534	35.1522
535	35.4145
536	35.8423
537	36.4428
538	37.2187
539	38.1749
540	39.3177
541	40.6554
542	42.1976
543	43.9546
544	45.9372
545	48.1562
546	50.6206
547	53.3363
548	56.3059
549	59.5252
550	62.9808
551	66.647
552	70.483
553	74.3602
554	78.2628
555	82.1046
556	85.7753
557	89.1524
558	92.1101
559	94.5297
560	96.312
561	97.388
562	97.7273
563	97.3412
564	96.2797
565	94.6246
566	92.4791
567	89.956
568	87.1685
569	84.2213
570	81.2063
571	78.1996
572	75.2617
573	72.3521
574	69.5179
575	66.8743
576	64.4358
577	62.2088
578	60.1933
579	58.3877
580	56.7874
581	55.3843
582	54.1708
583	53.1396
584	52.2835
585	51.5961
586	51.0718
587	50.7058
588	50.4952
589	50.4381
590	50.5299
591	50.7704
592	51.1605
593	51.7013
594	52.3949
595	53.2093
596	54.163
597	55.2623
598	56.5109
599	57.9121
600	59.4693
601	61.185
602	63.0606
603	65.0958
604	67.2879
605	69.6308
606	72.1142
607	74.7222
608	77.4323
609	80.214
610	83.0277
611	85.8241
612	88.5437
613	91.1176
614	93.4689
615	95.5162
616	97.1775
617	98.3762
618	99.0465
619	99.1405
620	98.6347
621	97.529
622	95.8482
623	93.6403
624	90.9726
625	87.9255
626	84.586
627	81.0415
628	77.3749
629	73.6605
630	69.962
631	66.3314
632	62.8093
633	59.4255
634	56.2006
635	53.1471
636	50.2714
637	47.5748
638	45.0548
639	42.7062
640	40.5219
641	38.4938
642	36.6129
643	34.8699
644	33.2561
645	31.7671
646	30.3913
647	29.1172
648	27.9371
649	26.844
650	25.8312
651	24.8925
652	24.0224
653	23.2157
654	22.4677
655	21.7738
656	21.1302
657	20.5331
658	19.9791
659	19.4654
660	18.9892
661	18.5479
662	18.1392
663	17.7609
664	17.4113
665	17.0884
666	16.7907
667	16.5167
668	16.2653
669	16.0356
670	15.826
671	15.6353
672	15.4627
673	15.3072
674	15.1683
675	15.0458
676	14.9387
677	14.8466
678	14.7689
679	14.7052
680	14.655
681	14.618
682	14.5939
683	14.5824
684	14.5833
685	14.5963
686	14.6212
687	14.6581
688	14.7067
689	14.767
690	14.839
691	14.9225
692	15.0178
693	15.1247
694	15.2433
695	15.3738
696	15.5163
697	15.6709
698	15.8377
699	16.0169
700	16.2088
701	16.4135
702	16.6313
703	16.8626
704	17.1076
705	17.3666
706	17.64
707	17.9114
708	18.1966
709	18.4961
710	18.81
711	19.1389
712	19.4832
713	19.8431
714	20.2193
715	20.612
716	21.0219
717	21.4492
718	21.8946
719	22.3585
720	22.8415
721	23.344
722	23.8666
723	24.4099
724	24.9743
725	25.5604
726	26.1687
727	26.7999
728	27.4543
729	28.1327
730	28.8354
731	29.563
732	30.3159
733	31.0946
734	31.8996
735	32.7312
736	33.5898
737	34.4756
738	35.389
739	36.3301
740	37.299
741	38.2959
742	39.3205
743	40.3681
744	41.443
745	42.5448
746	43.6732
747	44.8276
748	46.0073
749	47.2116
750	48.4394
751	49.6898
752	50.9616
753	52.2534
754	53.5636
755	54.8907
756	56.2329
757	57.5882
758	58.9546
759	60.3299
760	61.7118
761	63.0978
762	64.4855
763	65.8723
764	67.2555
765	68.6324
766	70.0003
767	71.3564
768	72.698
769	74.0224
770	75.3269
771	76.6091
772	77.8663
773	79.0963
774	80.2969
775	81.4659
776	82.6015
777	83.702
778	84.7657
779	85.7914
780	86.778
781	87.7245
782	88.6302
783	89.5019
784	90.3313
785	91.1184
786	91.8631
787	92.5659
788	93.2272
789	93.8476
790	94.428
791	94.9693
792	95.4724
793	95.9387
794	96.3692
795	96.7655
796	97.1289
797	97.4607
798	97.7626
799	98.0361
800	98.2826
801	98.5037
802	98.7008
803	98.8757
804	99.0296
805	99.164
806	99.2804
807	99.3802
808	99.4646
809	99.5349
810	99.5924
811	99.6383
812	99.6736
813	99.6994
814	99.7167
815	99.7265
816	99.7296
817	99.7269
818	99.7191
819	99.707
820	99.6913
821	99.6725
822	99.6512
823	99.628
824	99.6034
825	99.5777
826	99.5514
827	99.5241
828	99.4969
829	99.47
830	99.4437
831	99.4183
832	99.394
833	99.3709
834	99.3492
835	99.329
836	99.3104
837	99.2935
838	99.2783
839	99.2648
840	99.2532
841	99.2433
842	99.2352
843	99.2288
844	99.2241
845	99.2211
846	99.2197
847	99.2198
848	99.2213
849	99.2243
850	99.2285
851	99.2339
852	99.2405
853	99.248
854	99.2566
855	99.2659
856	99.276
857	99.2867
858	99.298
859	99.3098
860	99.3219
861	99.3343
862	99.3469
863	99.3595
864	99.3722
865	99.3849
866	99.3974
867	99.4097
868	99.4218
869	99.4335
870	99.4448
871	99.4557
872	99.4661
873	99.4759
874	99.4852
875	99.4938
876	99.5018
877	99.5091
878	99.5159
879	99.5221
880	99.5277
881	99.5327
882	99.5371
883	99.5409
884	99.544
885	99.5465
886	99.5484
887	99.5496
888	99.5503
889	99.5504
890	99.5498
891	99.5488
892	99.5471
893	99.545
894	99.5423
895	99.5391
896	99.5355
897	99.5314
898	99.5268
899	99.5219
900	99.5166
901	99.511
902	99.505
903	99.4988
904	99.4922
905	99.4855
906	99.4785
907	99.4713
908	99.464
909	99.4565
910	99.4489
911	99.4413
912	99.4336
913	99.4258
914	99.4181
915	99.4104
916	99.4027
917	99.3951
918	99.3876
919	99.3802
920	99.3729
921	99.3658
922	99.3588
923	99.3521
924	99.3455
925	99.3391
926	99.333
927	99.3272
928	99.3215
929	99.3162
930	99.3112
931	99.3064
932	99.3019
933	99.2978
934	99.2939
935	99.2899
936	99.2862
937	99.2829
938	99.2799
939	99.2772
940	99.2749
941	99.2729
942	99.2713
943	99.27
944	99.269
945	99.2683
946	99.268
947	99.268
948	99.2683
949	99.2689
950	99.2699
951	99.2711
952	99.2726
953	99.2744
954	99.2765
955	99.2788
956	99.2813
957	99.2841
958	99.2872
959	99.2904
960	99.2939
961	99.2975
962	99.3013
963	99.3053
964	99.3095
965	99.3138
966	99.3182
967	99.3227
968	99.3274
969	99.3321
970	99.3369
971	99.3418
972	99.3467
973	99.3516
974	99.3566
975	99.3616
976	99.3666
977	99.3716
978	99.3766
979	99.3815
980	99.3864
981	99.3913
982	99.396
983	99.4007
984	99.4053
985	99.4098
986	99.4142
987	99.4185
988	99.4227
989	99.4267
990	99.4306
991	99.4343
992	99.4379
993	99.4413
994	99.4446
995	99.4477
996	99.4506
997	99.4533
998	99.4558
999	99.4582
1000	99.4603
1001	99.462
1002	99.4636
1003	99.4649
1004	99.466
1005	99.467
1006	99.4677
1007	99.4682
1008	99.4685
1009	99.4686
1010	99.4686
1011	99.4683
1012	99.4678
1013	99.4671
1014	99.4662
1015	99.4651
1016	99.4639
1017	99.4624
1018	99.4607
1019	99.4589
1020	99.4569
1021	99.4547
1022	99.4524
1023	99.4498
1024	99.4472
1025	99.4443
1026	99.4413
1027	99.4382
1028	99.4349
1029	99.4315
1030	99.428
1031	99.4244
1032	99.4206
1033	99.4167
1034	99.4128
1035	99.4087
1036	99.4045
1037	99.4003
1038	99.396
1039	99.3916
1040	99.3872
1041	99.3827
1042	99.3781
1043	99.3735
1044	99.3689
1045	99.3643
1046	99.3596
1047	99.3549
1048	99.3503
1049	99.3456
1050	99.3409
1051	99.3362
1052	99.3316
1053	99.327
1054	99.3224
1055	99.3178
1056	99.3133
1057	99.3089
1058	99.3045
1059	99.3001
1060	99.2959
1061	99.2917
1062	99.2875
1063	99.2835
1064	99.2795
1065	99.2757
1066	99.2719
1067	99.2682
1068	99.2647
1069	99.2612
1070	99.2579
1071	99.2546
1072	99.2515
1073	99.2485
1074	99.2456
1075	99.2429
1076	99.2402
1077	99.2378
1078	99.2354
1079	99.2332
1080	99.2311
1081	99.2294
1082	99.2278
1083	99.2264
1084	99.2251
1085	99.224
1086	99.2229
1087	99.2221
1088	99.2213
1089	99.2208
1090	99.2203
1091	99.22
1092	99.2198
1093	99.2198
1094	99.2199
1095	99.2201
1096	99.2205
1097	99.221
1098	99.2216
1099	99.2224
1100	99.2233
1101	99.2243
1102	99.2254
1103	99.2267
1104	99.228
1105	99.2295
1106	99.2311
1107	99.2328
1108	99.2347
1109	99.2366
1110	99.2386
1111	99.2407
1112	99.2429
1113	99.2452
1114	99.2476
1115	99.2501
1116	99.2527
1117	99.2553
1118	99.258
1119	99.2608
1120	99.2636
1121	99.2665
1122	99.2695
1123	99.2725
1124	99.2756
1125	99.2787
1126	99.2818
1127	99.285
1128	99.2882
1129	99.2915
1130	99.2948
1131	99.2981
1132	99.3014
1133	99.3047
1134	99.308
1135	99.3114
1136	99.3147
1137	99.318
1138	99.3214
1139	99.3247
1140	99.328
1141	99.3313
1142	99.3346
1143	99.3378
1144	99.341
1145	99.3442
1146	99.3473
1147	99.3504
1148	99.3535
1149	99.3565
1150	99.3595
1151	99.3624
1152	99.3652
1153	99.368
1154	99.3707
1155	99.3734
1156	99.376
1157	99.3785
1158	99.381
1159	99.3833
1160	99.3856
1161	99.3878
1162	99.39
1163	99.392
1164	99.394
1165	99.3958
1166	99.3976
1167	99.3993
1168	99.4009
1169	99.4024
1170	99.4037
1171	99.405
1172	99.4062
1173	99.4072
1174	99.4082
1175	99.409
1176	99.4098
1177	99.4104
1178	99.4109
1179	99.4114
1180	99.4117
1181	99.4119
1182	99.412
1183	99.412
1184	99.4119
1185	99.4117
1186	99.4114
1187	99.411
1188	99.4105
1189	99.4099
1190	99.4091
1191	99.4083
1192	99.4074
1193	99.4063
1194	99.4052
1195	99.4039
1196	99.4026
1197	99.4012
1198	99.3996
1199	99.398
1200	99.3963
1201	99.3944
1202	99.3925
1203	99.3905
1204	99.3885
1205	99.3863
1206	99.384
1207	99.3817
1208	99.3793
1209	99.3768
1210	99.3742
1211	99.3715
1212	99.3688
1213	99.366
1214	99.3632
1215	99.3602
1216	99.3573
1217	99.3542
1218	99.3511
1219	99.3479
1220	99.3447
1221	99.3415
1222	99.3381
1223	99.3348
1224	99.3314
1225	99.3279
1226	99.3244
1227	99.3209
1228	99.3174
1229	99.3138
1230	99.3102
1231	99.3065
1232	99.3029
1233	99.2992
1234	99.2955
1235	99.2918
1236	99.2881
1237	99.2843
1238	99.2806
1239	99.2769
1240	99.2731
1241	99.2694
1242	99.2656
1243	99.2619
1244	99.2582
1245	99.2545
1246	99.2508
1247	99.2471
1248	99.2435
1249	99.2398
1250	99.2362
1251	99.2326
1252	99.2291
1253	99.2256
1254	99.2221
1255	99.2186
1256	99.2152
1257	99.2119
1258	99.2085
1259	99.2052
1260	99.202
1261	99.1988
1262	99.1957
1263	99.1926
1264	99.1896
1265	99.1866
1266	99.1837
1267	99.1808
1268	99.1781
1269	99.1753
1270	99.1727
1271	99.1701
1272	99.1676
1273	99.1651
1274	99.1627
1275	99.1604
1276	99.1582
1277	99.156
1278	99.1539
1279	99.1519
1280	99.15
1281	99.1482
1282	99.1465
1283	99.1448
1284	99.1432
1285	99.1417
1286	99.1403
1287	99.139
1288	99.1377
1289	99.1366
1290	99.1355
1291	99.1345
1292	99.1336
1293	99.1328
1294	99.1321
1295	99.1314
1296	99.1309
1297	99.1304
1298	99.1301
1299	99.1298
1300	99.1296
1301	99.1295
1302	99.1294
1303	99.1295
1304	99.1297
1305	99.1299
1306	99.1302
1307	99.1306
1308	99.1311
1309	99.1317
1310	99.1324
1311	99.1331
1312	99.1339
1313	99.1348
1314	99.1358
1315	99.1369
1316	99.138
1317	99.1393
1318	99.1406
1319	99.142
1320	99.1434
1321	99.1449
1322	99.1465
1323	99.1482
1324	99.1499
1325	99.1517
1326	99.1536
1327	99.1556
1328	99.1576
1329	99.1596
1330	99.1618
1331	99.1639
1332	99.1662
1333	99.1685
1334	99.1708
1335	99.1733
1336	99.1757
1337	99.1782
1338	99.1808
1339	99.1834
1340	99.1861
1341	99.1888
1342	99.1915
1343	99.1943
1344	99.1971
1345	99.1999
1346	99.2028
1347	99.2057
1348	99.2087
1349	99.2117
1350	99.2147
1351	99.144
1352	99.0735
1353	99.0033
1354	98.9332
1355	98.8632
1356	98.7935
1357	98.7239
1358	98.6545
1359	98.5853
1360	98.5162
1361	98.302
1362	98.0885
1363	97.8759
1364	97.664
1365	97.4529
1366	97.2425
1367	97.033
1368	96.8241
1369	96.6161
1370	96.4087
1371	96.3433
1372	96.278
1373	96.2129
1374	96.1479
1375	96.083
1376	96.0182
1377	95.9536
1378	95.889
1379	95.8246
1380	95.7603
1381	95.8355
1382	95.9107
1383	95.9858
1384	96.0608
1385	96.1357
1386	96.2105
1387	96.2852
1388	96.3599
1389	96.4344
1390	96.5089
1391	96.5833
1392	96.6576
1393	96.7318
1394	96.8058
1395	96.8798
1396	96.9537
1397	97.0275
1398	97.1012
1399	97.1748
1400	97.2482
1401	97.2935
1402	97.3386
1403	97.3836
1404	97.4285
1405	97.4733
1406	97.518
1407	97.5626
1408	97.6071
1409	97.6514
1410	97.6957
1411	97.7398
1412	97.7838
1413	97.8277
1414	97.8715
1415	97.9151
1416	97.9587
1417	98.0021
1418	98.0454
1419	98.0886
1420	98.1316
1421	98.1746
1422	98.2174
1423	98.2601
1424	98.3027
1425	98.3451
1426	98.3875
1427	98.4297
1428	98.4718
1429	98.5137
1430	98.5556
1431	98.5973
1432	98.6389
1433	98.6804
1434	98.7217
1435	98.763
1436	98.8041
1437	98.8451
1438	98.8859
1439	98.9267
1440	98.9673
1441	99.0078
1442	99.0482
1443	99.0884
1444	99.1285
1445	99.1685
1446	99.2084
1447	99.2482
1448	99.2879
1449	99.3274
1450	99.3668
1451	99.3648
1452	99.3627
1453	99.3605
1454	99.3583
1455	99.356
1456	99.3536
1457	99.3511
1458	99.3486
1459	99.346
1460	99.3433
1461	99.3406
1462	99.3378
1463	99.3349
1464	99.332
1465	99.329
1466	99.326
1467	99.3229
1468	99.3197
1469	99.3165
1470	99.3132
1471	99.3098
1472	99.3064
1473	99.303
1474	99.2995
1475	99.2959
1476	99.2923
1477	99.2887
1478	99.285
1479	99.2812
1480	99.2774
1481	99.2736
1482	99.2698
1483	99.2659
1484	99.2619
1485	99.2579
1486	99.2539
1487	99.2499
1488	99.2458
1489	99.2417
1490	99.2376
1491	99.2334
1492	99.2293
1493	99.2251
1494	99.2209
1495	99.2166
1496	99.2124
1497	99.2081
1498	99.2038
1499	99.1995
1500	99.1952
1501	99.1909
1502	99.1866
1503	99.1822
1504	99.1779
1505	99.1736
1506	99.1693
1507	99.1649
1508	99.1606
1509	99.1563
1510	99.152
1511	99.1477
1512	99.1434
1513	99.1391
1514	99.1349
1515	99.1306
1516	99.1264
1517	99.1222
1518	99.118
1519	99.1139
1520	99.1097
1521	99.1056
1522	99.1015
1523	99.0975
1524	99.0935
1525	99.0895
1526	99.0855
1527	99.0816
1528	99.0778
1529	99.0739
1530	99.0702
1531	99.0664
1532	99.0627
1533	99.0591
1534	99.0555
1535	99.0519
1536	99.0484
1537	99.045
1538	99.0416
1539	99.0383
1540	99.035
1541	99.0318
1542	99.0286
1543	99.0255
1544	99.0225
1545	99.0196
1546	99.0167
1547	99.0138
1548	99.0111
1549	99.0084
1550	99.0058
1551	99.0033
1552	99.0008
1553	98.9984
1554	98.9961
1555	98.9939
1556	98.9917
1557	98.9897
1558	98.9877
1559	98.9858
1560	98.9839
1561	98.9822
1562	98.9805
1563	98.979
1564	98.9775
1565	98.9761
1566	98.9748
1567	98.9736
1568	98.9725
1569	98.9715
1570	98.9705
1571	98.9697
1572	98.969
1573	98.9683
1574	98.9678
1575	98.9673
1576	98.967
1577	98.9667
1578	98.9666
1579	98.9665
1580	98.9665
1581	98.9667
1582	98.9669
1583	98.9672
1584	98.9677
1585	98.9682
1586	98.9688
1587	98.9696
1588	98.9704
1589	98.9713
1590	98.9724
1591	98.9735
1592	98.9747
1593	98.976
1594	98.9775
1595	98.979
1596	98.9806
1597	98.9824
1598	98.9842
1599	98.9861
1600	98.9882
1601	98.9903
1602	98.9925
1603	98.9948
1604	98.9973
1605	98.9998
1606	99.0024
1607	99.0051
1608	99.0079
1609	99.0108
1610	99.0138
1611	99.0169
1612	99.0201
1613	99.0233
1614	99.0267
1615	99.0302
1616	99.0337
1617	99.0373
1618	99.041
1619	99.0449
1620	99.0487
1621	99.0527
1622	99.0568
1623	99.0609
1624	99.0651
1625	99.0694
1626	99.0738
1627	99.0783
1628	99.0828
1629	99.0874
1630	99.0921
1631	99.0968
1632	99.1016
1633	99.1065
1634	99.1115
1635	99.1165
1636	99.1216
1637	99.1267
1638	99.1319
1639	99.1372
1640	99.1425
1641	99.1479
1642	99.1533
1643	99.1588
1644	99.1643
1645	99.1699
1646	99.1755
1647	99.1811
1648	99.1868
1649	99.1926
1650	99.1983
1651	99.2041
1652	99.21
1653	99.2158
1654	99.2217
1655	99.2277
1656	99.2336
1657	99.2396
1658	99.2455
1659	99.2515
1660	99.2575
1661	99.2636
1662	99.2696
1663	99.2756
1664	99.2816
1665	99.2877
1666	99.2937
1667	99.2997
1668	99.3057
1669	99.3117
1670	99.3177
1671	99.3237
1672	99.3296
1673	99.3355
1674	99.3414
1675	99.3473
1676	99.3531
1677	99.3589
1678	99.3647
1679	99.3704
1680	99.3761
1681	99.3817
1682	99.3873
1683	99.3928
1684	99.3983
1685	99.4037
1686	99.409
1687	99.4143
1688	99.4195
1689	99.4246
1690	99.4296
1691	99.4346
1692	99.4395
1693	99.4443
1694	99.449
1695	99.4536
1696	99.4581
1697	99.4625
1698	99.4668
1699	99.4709
1700	99.475
1701	99.479
1702	99.4828
1703	99.4865
1704	99.4901
1705	99.4935
1706	99.4969
1707	99.5
1708	99.5031
1709	99.506
1710	99.5087
1711	99.5113
1712	99.5137
1713	99.5159
1714	99.518
1715	99.52
1716	99.5217
1717	99.5233
1718	99.5247
1719	99.5259
1720	99.5269
1721	99.5277
1722	99.5283
1723	99.5287
1724	99.529
1725	99.529
1726	99.5288
1727	99.5283
1728	99.5277
1729	99.5268
1730	99.5257
1731	99.5244
1732	99.5228
1733	99.521
1734	99.5189
1735	99.5166
1736	99.514
1737	99.5112
1738	99.5081
1739	99.5048
1740	99.5012
1741	99.4973
1742	99.4931
1743	99.4886
1744	99.4839
1745	99.4789
1746	99.4735
1747	99.4679
1748	99.462
1749	99.4557
1750	99.4492
1751	99.4423
1752	99.4352
1753	99.4277
1754	99.4198
1755	99.4117
1756	99.4032
1757	99.3944
1758	99.3852
1759	99.3757
1760	99.3658
1761	99.3556
1762	99.345
1763	99.3341
1764	99.3228
1765	99.3111
1766	99.2991
1767	99.2866
1768	99.2738
1769	99.2607
1770	99.2471
1771	99.2331
1772	99.2188
1773	99.204
1774	99.1888
1775	99.1733
1776	99.1573
1777	99.1409
1778	99.1241
1779	99.1069
1780	99.0892
1781	99.0712
1782	99.0526
1783	99.0337
1784	99.0143
1785	98.9945
1786	98.9742
1787	98.9535
1788	98.9324
1789	98.9108
1790	98.8887
1791	98.8662
1792	98.8432
1793	98.8197
1794	98.7958
1795	98.7714
1796	98.7465
1797	98.7211
1798	98.6953
1799	98.669
1800	98.6421
1801	98.6148
1802	98.5869
1803	98.5585
1804	98.5297
1805	98.5003
1806	98.4704
1807	98.4401
1808	98.4092
1809	98.3778
1810	98.3459
1811	98.3134
1812	98.2805
1813	98.247
1814	98.213
1815	98.1785
1816	98.1434
1817	98.1078
1818	98.0717
1819	98.035
1820	97.9978
1821	97.9601
1822	97.9218
1823	97.883
1824	97.8436
1825	97.8037
1826	97.7632
1827	97.7222
1828	97.6807
1829	97.6386
1830	97.5959
1831	97.5527
1832	97.5089
1833	97.4645
1834	97.4196
1835	97.3742
1836	97.3282
1837	97.2816
1838	97.2344
1839	97.1867
1840	97.1384
1841	97.0896
1842	97.0401
1843	96.9902
1844	96.9396
1845	96.8885
1846	96.8368
1847	96.7845
1848	96.7317
1849	96.6782
1850	96.6242
1851	96.5695
1852	96.5143
1853	96.4584
1854	96.402
1855	96.345
1856	96.2874
1857	96.2293
1858	96.1705
1859	96.1112
1860	96.0513
1861	95.9908
1862	95.9298
1863	95.8682
1864	95.806
1865	95.7432
1866	95.6799
1867	95.6159
1868	95.5515
1869	95.4864
1870	95.4207
1871	95.3545
1872	95.2877
1873	95.2204
1874	95.1525
1875	95.084
1876	95.0149
1877	94.9453
1878	94.8751
1879	94.8043
1880	94.733
1881	94.6611
1882	94.5887
1883	94.5157
1884	94.4421
1885	94.368
1886	94.2934
1887	94.2181
1888	94.1424
1889	94.0661
1890	93.9892
1891	93.9118
1892	93.8338
1893	93.7553
1894	93.6763
1895	93.5967
1896	93.5166
1897	93.4359
1898	93.3547
1899	93.273
1900	93.1908
1901	93.1082
1902	93.0251
1903	92.9415
1904	92.8574
1905	92.7728
1906	92.6876
1907	92.602
1908	92.5158
1909	92.4292
1910	92.342
1911	92.2544
1912	92.1662
1913	92.0776
1914	91.9884
1915	91.8988
1916	91.8087
1917	91.7181
1918	91.627
1919	91.5355
1920	91.4435
1921	91.351
1922	91.2581
1923	91.1647
1924	91.0708
1925	90.9765
1926	90.8817
1927	90.7865
1928	90.6908
1929	90.5947
1930	90.4981
1931	90.4012
1932	90.3037
1933	90.2059
1934	90.1076
1935	90.0089
1936	89.9098
1937	89.8103
1938	89.7103
1939	89.61
1940	89.5092
1941	89.4081
1942	89.3065
1943	89.2046
1944	89.1023
1945	88.9995
1946	88.8964
1947	88.793
1948	88.6891
1949	88.5849
1950	88.4803
1951	88.3751
1952	88.2695
1953	88.1636
1954	88.0573
1955	87.9507
1956	87.8437
1957	87.7364
1958	87.6288
1959	87.5208
1960	87.4125
1961	87.3039
1962	87.1949
1963	87.0856
1964	86.9761
1965	86.8662
1966	86.756
1967	86.6455
1968	86.5347
1969	86.4236
1970	86.3123
1971	86.2006
1972	86.0887
1973	85.9765
1974	85.864
1975	85.7513
1976	85.6383
1977	85.525
1978	85.4115
1979	85.2977
1980	85.1837
1981	85.0695
1982	84.955
1983	84.8403
1984	84.7253
1985	84.6102
1986	84.4948
1987	84.3792
1988	84.2633
1989	84.1473
1990	84.0311
1991	83.9147
1992	83.798
1993	83.6812
1994	83.5642
1995	83.447
1996	83.3297
1997	83.2121
1998	83.0944
1999	82.9766
2000	82.8585
2001	82.7406
2002	82.6226
2003	82.5044
2004	82.3861
2005	82.2676
2006	82.149
2007	82.0302
2008	81.9114
2009	81.7924
2010	81.6733
2011	81.554
2012	81.4347
2013	81.3153
2014	81.1957
2015	81.0761
2016	80.9563
2017	80.8365
2018	80.7165
2019	80.5965
2020	80.4764
2021	80.3563
2022	80.236
2023	80.1157
2024	79.9953
2025	79.8749
2026	79.7544
2027	79.6339
2028	79.5133
2029	79.3926
2030	79.2719
2031	79.1512
2032	79.0304
2033	78.9097
2034	78.7888
2035	78.668
2036	78.5471
2037	78.4262
2038	78.3053
2039	78.1844
2040	78.0635
2041	77.9426
2042	77.8217
2043	77.7009
2044	77.58
2045	77.4591
2046	77.3382
2047	77.2174
2048	77.0966
2049	76.9758
2050	76.855
2051	76.734
2052	76.6129
2053	76.4919
2054	76.371
2055	76.2501
2056	76.1292
2057	76.0084
2058	75.8876
2059	75.7669
2060	75.6463
2061	75.5257
2062	75.4051
2063	75.2847
2064	75.1643
2065	75.044
2066	74.9237
2067	74.8035
2068	74.6835
2069	74.5635
2070	74.4435
2071	74.3237
2072	74.204
2073	74.0844
2074	73.9648
2075	73.8454
2076	73.7261
2077	73.6068
2078	73.4877
2079	73.3687
2080	73.2498
2081	73.131
2082	73.0124
2083	72.8939
2084	72.7754
2085	72.6572
2086	72.539
2087	72.421
2088	72.3031
2089	72.1854
2090	72.0677
2091	71.9503
2092	71.8329
2093	71.7158
2094	71.5987
2095	71.4819
2096	71.3651
2097	71.2485
2098	71.1321
2099	71.0159
2100	70.8998
2101	70.7836
2102	70.6676
2103	70.5517
2104	70.436
2105	70.3205
2106	70.2052
2107	70.09
2108	69.975
2109	69.8602
2110	69.7456
2111	69.6311
2112	69.5169
2113	69.4028
2114	69.2889
2115	69.1752
2116	69.0617
2117	68.9484
2118	68.8353
2119	68.7223
2120	68.6096
2121	68.4971
2122	68.3848
2123	68.2727
2124	68.1607
2125	68.049
2126	67.9375
2127	67.8262
2128	67.7151
2129	67.6043
2130	67.4936
2131	67.3832
2132	67.2729
2133	67.1629
2134	67.0531
2135	66.9436
2136	66.8342
2137	66.7251
2138	66.6162
2139	66.5075
2140	66.3991
2141	66.2679
2142	66.137
2143	66.0064
2144	65.876
2145	65.746
2146	65.6044
2147	65.4631
2148	65.3222
2149	61.8574
2150	61.9647
2151	62.0572
2152	62.2749
2153	62.4782
2154	62.6983
2155	62.9196
2156	63.1422
2157	63.3502
2158	61.9692
2159	61.8707
2160	60.8194
2161	60.6924
2162	60.5657
2163	60.4394
2164	60.3134
2165	60.1877
2166	60.0624
2167	59.9374
2168	59.8127
2169	59.6884
2170	59.5645
2171	59.3197
2172	59.0761
2173	58.8336
2174	58.5922
2175	58.3519
2176	58.1128
2177	57.8747
2178	57.6377
2179	57.4017
2180	57.1669
2181	56.7872
2182	56.4103
2183	56.0362
2184	55.6648
2185	55.2961
2186	54.9301
2187	54.5669
2188	54.2062
2189	53.8483
2190	53.4929
2191	53.1416
2192	52.7929
2193	52.4467
2194	52.1031
2195	51.762
2196	51.4234
2197	51.0872
2198	50.7536
2199	50.4224
2200	50.0936
2201	49.8919
2202	49.6912
2203	49.4915
2204	49.2926
2205	49.0947
2206	48.8977
2207	48.7017
2208	48.5066
2209	48.3124
2210	48.1191
2211	48.0464
2212	47.9739
2213	47.9017
2214	47.8297
2215	47.7578
2216	47.6862
2217	47.6148
2218	47.5437
2219	47.4727
2220	47.4019
2221	47.4722
2222	47.5427
2223	47.6136
2224	47.6847
2225	47.7562
2226	47.8281
2227	47.9002
2228	47.9727
2229	48.0455
2230	48.1187
2231	48.0483
2232	47.9782
2233	47.9083
2234	47.8386
2235	47.7691
2236	47.6999
2237	47.6308
2238	47.562
2239	47.4934
2240	47.4251
2241	47.4523
2242	47.4798
2243	47.5075
2244	47.5354
2245	47.5635
2246	47.5917
2247	47.6202
2248	47.6489
2249	47.6779
2250	47.707
2251	47.7361
2252	47.7654
2253	47.7949
2254	47.8246
2255	47.8546
2256	47.8847
2257	47.9151
2258	47.9458
2259	47.9766
2260	48.0077
2261	48.039
2262	48.0706
2263	48.1024
2264	48.1344
2265	48.1666
2266	48.1991
2267	48.2319
2268	48.2648
2269	48.2981
2270	48.3315
2271	48.3653
2272	48.3992
2273	48.4335
2274	48.4679
2275	48.5027
2276	48.5377
2277	48.5729
2278	48.6084
2279	48.6442
2280	48.6802
2281	48.7165
2282	48.7531
2283	48.7899
2284	48.827
2285	48.8644
2286	48.902
2287	48.94
2288	48.9782
2289	49.0167
2290	49.0554
2291	49.0945
2292	49.1338
2293	49.1734
2294	49.2134
2295	49.2536
2296	49.2941
2297	49.3348
2298	49.3759
2299	49.4173
2300	49.459
2301	49.4234
2302	49.388
2303	49.3528
2304	49.3177
2305	49.2829
2306	49.2483
2307	49.2138
2308	49.1796
2309	49.1455
2310	49.1117
2311	49.078
2312	49.0446
2313	49.0113
2314	48.9782
2315	48.9453
2316	48.9126
2317	48.8801
2318	48.8478
2319	48.8157
2320	48.7837
2321	48.752
2322	48.7204
2323	48.6891
2324	48.6579
2325	48.6269
2326	48.5962
2327	48.5656
2328	48.5352
2329	48.505
2330	48.4749
2331	48.4451
2332	48.4155
2333	48.386
2334	48.3568
2335	48.3277
2336	48.2988
2337	48.2701
2338	48.2416
2339	48.2133
2340	48.1852
2341	48.1572
2342	48.1295
2343	48.1019
2344	48.0745
2345	48.0473
2346	48.0203
2347	47.9935
2348	47.9669
2349	47.9404
2350	47.9142
2351	47.8727
2352	47.8315
2353	47.7904
2354	47.7496
2355	47.7089
2356	47.6685
2357	47.6282
2358	47.5881
2359	47.5483
2360	47.5086
2361	47.4691
2362	47.4298
2363	47.3907
2364	47.3518
2365	47.313
2366	47.2745
2367	47.2362
2368	47.198
2369	47.16
2370	47.1223
2371	47.0847
2372	47.0473
2373	47.0101
2374	46.973
2375	46.9362
2376	46.8996
2377	46.8631
2378	46.8268
2379	46.7907
2380	46.7548
2381	46.7191
2382	46.6836
2383	46.6482
2384	46.613
2385	46.578
2386	46.5432
2387	46.5086
2388	46.4742
2389	46.4399
2390	46.4058
2391	46.3719
2392	46.3382
2393	46.3047
2394	46.2713
2395	46.2382
2396	46.2052
2397	46.1723
2398	46.1397
2399	46.1072
2400	46.0749
2401	45.9969
2402	45.9191
2403	45.8416
2404	45.7643
2405	45.6873
2406	45.6106
2407	45.5342
2408	45.458
2409	45.3822
2410	45.3065
2411	45.2312
2412	45.1561
2413	45.0813
2414	45.0067
2415	44.9324
2416	44.8584
2417	44.7846
2418	44.7111
2419	44.6379
2420	44.5649
2421	44.4922
2422	44.4197
2423	44.3475
2424	44.2756
2425	44.2039
2426	44.1325
2427	44.0613
2428	43.9904
2429	43.9197
2430	43.8493
2431	43.7791
2432	43.7092
2433	43.6395
2434	43.5701
2435	43.501
2436	43.4321
2437	43.3634
2438	43.295
2439	43.2268
2440	43.1589
2441	43.0912
2442	43.0238
2443	42.9566
2444	42.8896
2445	42.8229
2446	42.7564
2447	42.6902
2448	42.6242
2449	42.5585
2450	42.493
2451	42.4142
2452	42.3358
2453	42.2576
2454	42.1798
2455	42.1022
2456	42.0249
2457	41.9479
2458	41.8712
2459	41.7947
2460	41.7186
2461	41.6427
2462	41.5671
2463	41.4918
2464	41.4168
2465	41.342
2466	41.2676
2467	41.1934
2468	41.1194
2469	41.0458
2470	40.9724
2471	40.8993
2472	40.8265
2473	40.754
2474	40.6817
2475	40.6097
2476	40.5379
2477	40.4665
2478	40.3953
2479	40.3243
2480	40.2537
2481	40.1832
2482	40.1131
2483	40.0432
2484	39.9736
2485	39.9042
2486	39.8351
2487	39.7663
2488	39.6977
2489	39.6294
2490	39.5614
2491	39.4935
2492	39.426
2493	39.3587
2494	39.2917
2495	39.2249
2496	39.1583
2497	39.092
2498	39.026
2499	38.9602
2500	38.8947
2501	38.8658
2502	38.837
2503	38.8084
2504	38.78
2505	38.7517
2506	38.7236
2507	38.6956
2508	38.6678
2509	38.6402
2510	38.6127
2511	38.5853
2512	38.5581
2513	38.5311
2514	38.5042
2515	38.4775
2516	38.4509
2517	38.4245
2518	38.3982
2519	38.3721
2520	38.3461
2521	38.3203
2522	38.2946
2523	38.2691
2524	38.2437
2525	38.2184
2526	38.1934
2527	38.1684
2528	38.1436
2529	38.119
2530	38.0945
2531	38.0702
2532	38.046
2533	38.0219
2534	37.998
2535	37.9742
2536	37.9506
2537	37.9271
2538	37.9038
2539	37.8806
2540	37.8575
2541	37.8346
2542	37.8119
2543	37.7892
2544	37.7667
2545	37.7444
2546	37.7222
2547	37.7001
2548	37.6782
2549	37.6564
2550	37.6348
2551	37.6133
2552	37.5919
2553	37.5707
2554	37.5496
2555	37.5286
2556	37.5078
2557	37.4871
2558	37.4666
2559	37.4461
2560	37.4259
2561	37.4057
2562	37.3857
2563	37.3658
2564	37.3461
2565	37.3265
2566	37.307
2567	37.2877
2568	37.2684
2569	37.2494
2570	37.2304
2571	37.2116
2572	37.1929
2573	37.1744
2574	37.1559
2575	37.1377
2576	37.1195
2577	37.1015
2578	37.0835
2579	37.0658
2580	37.0481
2581	37.0306
2582	37.0132
2583	36.9959
2584	36.9788
2585	36.9618
2586	36.9449
2587	36.9281
2588	36.9115
2589	36.895
2590	36.8786
2591	36.8623
2592	36.8462
2593	36.8302
2594	36.8143
2595	36.7985
2596	36.7829
2597	36.7674
2598	36.752
2599	36.7367
2600	36.7216
