#lambda    Y-band    J-band    H-band
 400         0.00001   0.00001   0.00001
 401         0.00001   0.00001   0.00001
 402         0.00001   0.00001   0.00001
 403         0.00001   0.00001   0.00001
 404         0.00001   0.00001   0.00001
 405         0.00001   0.00001   0.00001
 406         0.00001   0.00001   0.00001
 407         0.00001   0.00001   0.00001
 408         0.00001   0.00001   0.00001
 409         0.00001   0.00001   0.00001
 410         0.00001   0.00001   0.00001
 411         0.00001   0.00001   0.00001
 412         0.00001   0.00001   0.00001
 413         0.00001   0.00001   0.00001
 414         0.00001   0.00001   0.00001
 415         0.00001   0.00001   0.00001
 416         0.00001   0.00001   0.00001
 417         0.00001   0.00001   0.00001
 418         0.00001   0.00001   0.00001
 419         0.00001   0.00001   0.00001
 420         0.00001   0.00001   0.00001
 421         0.00001   0.00001   0.00001
 422         0.00001   0.00001   0.00001
 423         0.00001   0.00001   0.00001
 424         0.00001   0.00001   0.00001
 425         0.00001   0.00001   0.00001
 426         0.00001   0.00001   0.00001
 427         0.00001   0.00001   0.00001
 428         0.00001   0.00001   0.00001
 429         0.00001   0.00001   0.00001
 430         0.00001   0.00001   0.00001
 431         0.00001   0.00001   0.00001
 432         0.00001   0.00001   0.00001
 433         0.00001   0.00001   0.00001
 434         0.00001   0.00001   0.00001
 435         0.00001   0.00001   0.00001
 436         0.00001   0.00001   0.00001
 437         0.00001   0.00001   0.00001
 438         0.00001   0.00001   0.00001
 439         0.00001   0.00001   0.00001
 440         0.00001   0.00001   0.00001
 441         0.00001   0.00001   0.00001
 442         0.00001   0.00001   0.00001
 443         0.00001   0.00001   0.00001
 444         0.00001   0.00001   0.00001
 445         0.00001   0.00001   0.00001
 446         0.00001   0.00001   0.00001
 447         0.00001   0.00001   0.00001
 448         0.00001   0.00001   0.00001
 449         0.00001   0.00001   0.00001
 450         0.00001   0.00001   0.00001
 451         0.00001   0.00001   0.00001
 452         0.00001   0.00001   0.00001
 453         0.00001   0.00001   0.00001
 454         0.00001   0.00001   0.00001
 455         0.00001   0.00001   0.00001
 456         0.00001   0.00001   0.00001
 457         0.00001   0.00001   0.00001
 458         0.00001   0.00001   0.00001
 459         0.00001   0.00001   0.00001
 460         0.00001   0.00001   0.00001
 461         0.00001   0.00001   0.00001
 462         0.00001   0.00001   0.00001
 463         0.00001   0.00001   0.00001
 464         0.00001   0.00001   0.00001
 465         0.00001   0.00001   0.00001
 466         0.00001   0.00001   0.00001
 467         0.00001   0.00001   0.00001
 468         0.00001   0.00001   0.00001
 469         0.00001   0.00001   0.00001
 470         0.00001   0.00001   0.00001
 471         0.00001   0.00001   0.00001
 472         0.00001   0.00001   0.00001
 473         0.00001   0.00001   0.00001
 474         0.00001   0.00001   0.00001
 475         0.00001   0.00001   0.00001
 476         0.00001   0.00001   0.00001
 477         0.00001   0.00001   0.00001
 478         0.00001   0.00001   0.00001
 479         0.00001   0.00001   0.00001
 480         0.00001   0.00001   0.00001
 481         0.00001   0.00001   0.00001
 482         0.00001   0.00001   0.00001
 483         0.00001   0.00001   0.00001
 484         0.00001   0.00001   0.00001
 485         0.00001   0.00001   0.00001
 486         0.00001   0.00001   0.00001
 487         0.00001   0.00001   0.00001
 488         0.00001   0.00001   0.00001
 489         0.00001   0.00001   0.00001
 490         0.00001   0.00001   0.00001
 491         0.00001   0.00001   0.00001
 492         0.00001   0.00001   0.00001
 493         0.00001   0.00001   0.00001
 494         0.00001   0.00001   0.00001
 495         0.00001   0.00001   0.00001
 496         0.00001   0.00001   0.00001
 497         0.00001   0.00001   0.00001
 498         0.00001   0.00001   0.00001
 499         0.00001   0.00001   0.00001
 500         0.00001   0.00001   0.00001
 501         0.00001   0.00001   0.00001
 502         0.00001   0.00001   0.00001
 503         0.00001   0.00001   0.00001
 504         0.00001   0.00001   0.00001
 505         0.00001   0.00001   0.00001
 506         0.00001   0.00001   0.00001
 507         0.00001   0.00001   0.00001
 508         0.00001   0.00001   0.00001
 509         0.00001   0.00001   0.00001
 510         0.00001   0.00001   0.00001
 511         0.00001   0.00001   0.00001
 512         0.00001   0.00001   0.00001
 513         0.00001   0.00001   0.00001
 514         0.00001   0.00001   0.00001
 515         0.00001   0.00001   0.00001
 516         0.00001   0.00001   0.00001
 517         0.00001   0.00001   0.00001
 518         0.00001   0.00001   0.00001
 519         0.00001   0.00001   0.00001
 520         0.00001   0.00001   0.00001
 521         0.00001   0.00001   0.00001
 522         0.00001   0.00001   0.00001
 523         0.00001   0.00001   0.00001
 524         0.00001   0.00001   0.00001
 525         0.00001   0.00001   0.00001
 526         0.00001   0.00001   0.00001
 527         0.00001   0.00001   0.00001
 528         0.00001   0.00001   0.00001
 529         0.00001   0.00001   0.00001
 530         0.00001   0.00001   0.00001
 531         0.00001   0.00001   0.00001
 532         0.00001   0.00001   0.00001
 533         0.00001   0.00001   0.00001
 534         0.00001   0.00001   0.00001
 535         0.00001   0.00001   0.00001
 536         0.00001   0.00001   0.00001
 537         0.00001   0.00001   0.00001
 538         0.00001   0.00001   0.00001
 539         0.00001   0.00001   0.00001
 540         0.00001   0.00001   0.00001
 541         0.00001   0.00001   0.00001
 542         0.00001   0.00001   0.00001
 543         0.00001   0.00001   0.00001
 544         0.00001   0.00001   0.00001
 545         0.00001   0.00001   0.00001
 546         0.00001   0.00001   0.00001
 547         0.00001   0.00001   0.00001
 548         0.00001   0.00001   0.00001
 549         0.00001   0.00001   0.00001
 550         0.00001   0.00001   0.00001
 551         0.00001   0.00001   0.00001
 552         0.00001   0.00001   0.00001
 553         0.00001   0.00001   0.00001
 554         0.00001   0.00001   0.00001
 555         0.00001   0.00001   0.00001
 556         0.00001   0.00001   0.00001
 557         0.00001   0.00001   0.00001
 558         0.00001   0.00001   0.00001
 559         0.00001   0.00001   0.00001
 560         0.00001   0.00001   0.00001
 561         0.00001   0.00001   0.00001
 562         0.00001   0.00001   0.00001
 563         0.00001   0.00001   0.00001
 564         0.00001   0.00001   0.00001
 565         0.00001   0.00001   0.00001
 566         0.00001   0.00001   0.00001
 567         0.00001   0.00001   0.00001
 568         0.00001   0.00001   0.00001
 569         0.00001   0.00001   0.00001
 570         0.00001   0.00001   0.00001
 571         0.00001   0.00001   0.00001
 572         0.00001   0.00001   0.00001
 573         0.00001   0.00001   0.00001
 574         0.00001   0.00001   0.00001
 575         0.00001   0.00001   0.00001
 576         0.00001   0.00001   0.00001
 577         0.00001   0.00001   0.00001
 578         0.00001   0.00001   0.00001
 579         0.00001   0.00001   0.00001
 580         0.00001   0.00001   0.00001
 581         0.00001   0.00001   0.00001
 582         0.00002   0.00001   0.00001
 583         0.00003   0.00001   0.00001
 584         0.00002   0.00001   0.00001
 585         0.00002   0.00001   0.00001
 586         0.00001   0.00001   0.00001
 587         0.00004   0.00001   0.00001
 588         0.00008   0.00001   0.00001
 589         0.00013   0.00001   0.00001
 590         0.00017   0.00001   0.00001
 591         0.00012   0.00001   0.00001
 592         0.00008   0.00001   0.00001
 593         0.00003   0.00001   0.00001
 594         0.00001   0.00001   0.00001
 595         0.00001   0.00001   0.00001
 596         0.00001   0.00001   0.00001
 597         0.00001   0.00001   0.00001
 598         0.00001   0.00001   0.00001
 599         0.00001   0.00001   0.00001
 600         0.00001   0.00001   0.00001
 601         0.00001   0.00001   0.00001
 602         0.00001   0.00001   0.00001
 603         0.00002   0.00001   0.00001
 604         0.00002   0.00001   0.00001
 605         0.00002   0.00001   0.00001
 606         0.00001   0.00001   0.00001
 607         0.00001   0.00001   0.00001
 608         0.00001   0.00001   0.00001
 609         0.00001   0.00001   0.00001
 610         0.00001   0.00001   0.00001
 611         0.00001   0.00001   0.00001
 612         0.00001   0.00001   0.00001
 613         0.00001   0.00001   0.00001
 614         0.00001   0.00001   0.00001
 615         0.00001   0.00001   0.00001
 616         0.00001   0.00002   0.00001
 617         0.00001   0.00002   0.00001
 618         0.00001   0.00003   0.00001
 619         0.00001   0.00004   0.00001
 620         0.00001   0.00005   0.00001
 621         0.00001   0.00005   0.00001
 622         0.00001   0.00006   0.00001
 623         0.00001   0.00007   0.00001
 624         0.00001   0.00007   0.00001
 625         0.00001   0.00008   0.00001
 626         0.00001   0.00009   0.00001
 627         0.00001   0.00010   0.00001
 628         0.00001   0.00010   0.00001
 629         0.00001   0.00011   0.00001
 630         0.00001   0.00012   0.00001
 631         0.00001   0.00012   0.00001
 632         0.00001   0.00013   0.00001
 633         0.00001   0.00014   0.00001
 634         0.00001   0.00015   0.00001
 635         0.00001   0.00015   0.00001
 636         0.00001   0.00016   0.00001
 637         0.00001   0.00015   0.00001
 638         0.00001   0.00014   0.00001
 639         0.00001   0.00013   0.00001
 640         0.00001   0.00012   0.00001
 641         0.00001   0.00012   0.00001
 642         0.00001   0.00011   0.00001
 643         0.00001   0.00010   0.00001
 644         0.00001   0.00009   0.00001
 645         0.00001   0.00008   0.00001
 646         0.00001   0.00008   0.00001
 647         0.00001   0.00008   0.00001
 648         0.00001   0.00008   0.00001
 649         0.00001   0.00008   0.00001
 650         0.00001   0.00008   0.00001
 651         0.00001   0.00008   0.00001
 652         0.00001   0.00008   0.00001
 653         0.00001   0.00008   0.00001
 654         0.00001   0.00008   0.00001
 655         0.00001   0.00008   0.00001
 656         0.00001   0.00008   0.00001
 657         0.00001   0.00008   0.00001
 658         0.00001   0.00007   0.00001
 659         0.00001   0.00007   0.00001
 660         0.00001   0.00007   0.00001
 661         0.00001   0.00007   0.00001
 662         0.00001   0.00007   0.00001
 663         0.00001   0.00007   0.00001
 664         0.00001   0.00007   0.00001
 665         0.00001   0.00007   0.00001
 666         0.00001   0.00007   0.00001
 667         0.00001   0.00007   0.00001
 668         0.00001   0.00007   0.00001
 669         0.00001   0.00007   0.00001
 670         0.00001   0.00008   0.00001
 671         0.00001   0.00009   0.00001
 672         0.00001   0.00011   0.00001
 673         0.00001   0.00012   0.00001
 674         0.00001   0.00014   0.00001
 675         0.00001   0.00015   0.00001
 676         0.00001   0.00017   0.00001
 677         0.00001   0.00019   0.00001
 678         0.00001   0.00020   0.00001
 679         0.00001   0.00022   0.00001
 680         0.00001   0.00023   0.00001
 681         0.00001   0.00025   0.00001
 682         0.00001   0.00027   0.00001
 683         0.00001   0.00028   0.00001
 684         0.00001   0.00030   0.00001
 685         0.00001   0.00031   0.00001
 686         0.00001   0.00033   0.00001
 687         0.00001   0.00034   0.00001
 688         0.00001   0.00035   0.00001
 689         0.00001   0.00035   0.00001
 690         0.00001   0.00035   0.00001
 691         0.00001   0.00035   0.00001
 692         0.00001   0.00035   0.00001
 693         0.00001   0.00036   0.00001
 694         0.00001   0.00036   0.00001
 695         0.00001   0.00036   0.00002
 696         0.00001   0.00036   0.00002
 697         0.00001   0.00036   0.00003
 698         0.00001   0.00036   0.00004
 699         0.00001   0.00034   0.00004
 700         0.00001   0.00032   0.00005
 701         0.00001   0.00030   0.00006
 702         0.00001   0.00028   0.00006
 703         0.00001   0.00026   0.00007
 704         0.00001   0.00024   0.00008
 705         0.00001   0.00023   0.00009
 706         0.00001   0.00021   0.00009
 707         0.00001   0.00019   0.00010
 708         0.00001   0.00017   0.00011
 709         0.00001   0.00015   0.00013
 710         0.00001   0.00013   0.00017
 711         0.00001   0.00011   0.00020
 712         0.00001   0.00009   0.00024
 713         0.00001   0.00011   0.00028
 714         0.00001   0.00013   0.00032
 715         0.00001   0.00015   0.00036
 716         0.00001   0.00017   0.00039
 717         0.00001   0.00019   0.00043
 718         0.00001   0.00021   0.00047
 719         0.00001   0.00023   0.00051
 720         0.00003   0.00025   0.00065
 721         0.00008   0.00027   0.00084
 722         0.00007   0.00028   0.00102
 723         0.00002   0.00028   0.00121
 724         0.00001   0.00029   0.00140
 725         0.00001   0.00029   0.00158
 726         0.00001   0.00030   0.00177
 727         0.00001   0.00030   0.00196
 728         0.00001   0.00031   0.00214
 729         0.00001   0.00032   0.00233
 730         0.00001   0.00032   0.00251
 731         0.00001   0.00033   0.00241
 732         0.00001   0.00033   0.00227
 733         0.00001   0.00034   0.00214
 734         0.00001   0.00034   0.00201
 735         0.00001   0.00035   0.00187
 736         0.00001   0.00036   0.00174
 737         0.00001   0.00036   0.00161
 738         0.00001   0.00036   0.00147
 739         0.00001   0.00036   0.00134
 740         0.00001   0.00035   0.00121
 741         0.00001   0.00035   0.00107
 742         0.00001   0.00035   0.00094
 743         0.00001   0.00035   0.00081
 744         0.00001   0.00035   0.00067
 745         0.00001   0.00034   0.00054
 746         0.00001   0.00034   0.00041
 747         0.00001   0.00034   0.00027
 748         0.00001   0.00032   0.00014
 749         0.00001   0.00029   0.00012
 750         0.00001   0.00026   0.00011
 751         0.00001   0.00023   0.00010
 752         0.00001   0.00020   0.00009
 753         0.00001   0.00017   0.00008
 754         0.00001   0.00014   0.00006
 755         0.00001   0.00010   0.00005
 756         0.00001   0.00007   0.00004
 757         0.00001   0.00004   0.00003
 758         0.00001   0.00001   0.00002
 759         0.00001   0.00001   0.00001
 760         0.00001   0.00001   0.00001
 761         0.00001   0.00001   0.00001
 762         0.00001   0.00001   0.00001
 763         0.00001   0.00001   0.00001
 764         0.00001   0.00001   0.00001
 765         0.00001   0.00001   0.00001
 766         0.00001   0.00001   0.00001
 767         0.00001   0.00001   0.00001
 768         0.00001   0.00005   0.00001
 769         0.00001   0.00009   0.00001
 770         0.00001   0.00013   0.00001
 771         0.00001   0.00016   0.00001
 772         0.00001   0.00020   0.00001
 773         0.00001   0.00024   0.00001
 774         0.00001   0.00028   0.00001
 775         0.00001   0.00031   0.00001
 776         0.00001   0.00033   0.00001
 777         0.00001   0.00030   0.00001
 778         0.00001   0.00027   0.00001
 779         0.00001   0.00024   0.00001
 780         0.00001   0.00021   0.00001
 781         0.00001   0.00018   0.00001
 782         0.00001   0.00016   0.00001
 783         0.00001   0.00013   0.00001
 784         0.00001   0.00010   0.00001
 785         0.00001   0.00010   0.00001
 786         0.00001   0.00014   0.00001
 787         0.00001   0.00019   0.00001
 788         0.00001   0.00023   0.00001
 789         0.00001   0.00027   0.00001
 790         0.00001   0.00031   0.00001
 791         0.00001   0.00027   0.00001
 792         0.00001   0.00023   0.00001
 793         0.00001   0.00020   0.00001
 794         0.00001   0.00016   0.00001
 795         0.00001   0.00013   0.00001
 796         0.00001   0.00015   0.00001
 797         0.00001   0.00020   0.00001
 798         0.00001   0.00024   0.00001
 799         0.00001   0.00028   0.00001
 800         0.00001   0.00032   0.00001
 801         0.00001   0.00032   0.00001
 802         0.00001   0.00028   0.00001
 803         0.00001   0.00024   0.00001
 804         0.00001   0.00020   0.00001
 805         0.00001   0.00017   0.00001
 806         0.00001   0.00013   0.00001
 807         0.00001   0.00009   0.00001
 808         0.00001   0.00010   0.00001
 809         0.00001   0.00017   0.00001
 810         0.00001   0.00024   0.00001
 811         0.00001   0.00031   0.00001
 812         0.00001   0.00038   0.00001
 813         0.00001   0.00043   0.00001
 814         0.00001   0.00038   0.00001
 815         0.00001   0.00032   0.00001
 816         0.00001   0.00027   0.00001
 817         0.00001   0.00021   0.00001
 818         0.00001   0.00016   0.00001
 819         0.00001   0.00010   0.00001
 820         0.00001   0.00006   0.00001
 821         0.00001   0.00014   0.00001
 822         0.00001   0.00022   0.00001
 823         0.00001   0.00030   0.00001
 824         0.00001   0.00037   0.00001
 825         0.00001   0.00045   0.00001
 826         0.00001   0.00041   0.00001
 827         0.00001   0.00033   0.00001
 828         0.00001   0.00025   0.00001
 829         0.00001   0.00018   0.00001
 830         0.00001   0.00010   0.00001
 831         0.00001   0.00008   0.00001
 832         0.00001   0.00013   0.00001
 833         0.00001   0.00017   0.00001
 834         0.00001   0.00021   0.00001
 835         0.00001   0.00026   0.00001
 836         0.00001   0.00030   0.00001
 837         0.00001   0.00034   0.00001
 838         0.00001   0.00034   0.00001
 839         0.00002   0.00026   0.00001
 840         0.00003   0.00018   0.00001
 841         0.00003   0.00010   0.00001
 842         0.00004   0.00014   0.00001
 843         0.00003   0.00019   0.00001
 844         0.00003   0.00025   0.00001
 845         0.00003   0.00030   0.00001
 846         0.00002   0.00036   0.00001
 847         0.00002   0.00032   0.00001
 848         0.00003   0.00021   0.00001
 849         0.00003   0.00011   0.00001
 850         0.00003   0.00001   0.00001
 851         0.00004   0.00001   0.00001
 852         0.00005   0.00001   0.00001
 853         0.00005   0.00001   0.00001
 854         0.00006   0.00001   0.00001
 855         0.00007   0.00001   0.00001
 856         0.00009   0.00001   0.00001
 857         0.00009   0.00001   0.00001
 858         0.00010   0.00001   0.00001
 859         0.00011   0.00001   0.00001
 860         0.00011   0.00001   0.00001
 861         0.00011   0.00001   0.00001
 862         0.00010   0.00001   0.00001
 863         0.00010   0.00001   0.00001
 864         0.00010   0.00001   0.00001
 865         0.00011   0.00001   0.00001
 866         0.00012   0.00002   0.00001
 867         0.00013   0.00012   0.00001
 868         0.00013   0.00021   0.00001
 869         0.00014   0.00030   0.00001
 870         0.00015   0.00039   0.00001
 871         0.00016   0.00048   0.00001
 872         0.00016   0.00040   0.00001
 873         0.00015   0.00029   0.00001
 874         0.00015   0.00017   0.00001
 875         0.00014   0.00012   0.00001
 876         0.00013   0.00021   0.00001
 877         0.00013   0.00030   0.00001
 878         0.00012   0.00039   0.00001
 879         0.00012   0.00035   0.00001
 880         0.00011   0.00028   0.00001
 881         0.00011   0.00020   0.00001
 882         0.00010   0.00013   0.00001
 883         0.00012   0.00005   0.00001
 884         0.00013   0.00001   0.00001
 885         0.00015   0.00001   0.00001
 886         0.00016   0.00001   0.00001
 887         0.00018   0.00001   0.00001
 888         0.00019   0.00001   0.00001
 889         0.00021   0.00001   0.00001
 890         0.00023   0.00001   0.00001
 891         0.00024   0.00001   0.00001
 892         0.00026   0.00001   0.00001
 893         0.00034   0.00001   0.00001
 894         0.00044   0.00001   0.00001
 895         0.00053   0.00001   0.00001
 896         0.00067   0.00003   0.00001
 897         0.00088   0.00022   0.00001
 898         0.00110   0.00041   0.00001
 899         0.00131   0.00060   0.00001
 900         0.00153   0.00063   0.00001
 901         0.00179   0.00053   0.00001
 902         0.00209   0.00044   0.00001
 903         0.00242   0.00035   0.00001
 904         0.00276   0.00025   0.00001
 905         0.00310   0.00016   0.00001
 906         0.00358   0.00007   0.00001
 907         0.00410   0.00003   0.00001
 908         0.00462   0.00005   0.00001
 909         0.00515   0.00006   0.00001
 910         0.00579   0.00008   0.00001
 911         0.00658   0.00010   0.00001
 912         0.00738   0.00010   0.00001
 913         0.00866   0.00008   0.00001
 914         0.01037   0.00005   0.00001
 915         0.01239   0.00002   0.00001
 916         0.01468   0.00001   0.00001
 917         0.01698   0.00001   0.00001
 918         0.01908   0.00001   0.00001
 919         0.02115   0.00001   0.00001
 920         0.02322   0.00001   0.00001
 921         0.02529   0.00001   0.00001
 922         0.02736   0.00001   0.00001
 923         0.03061   0.00001   0.00001
 924         0.03388   0.00001   0.00001
 925         0.03714   0.00019   0.00001
 926         0.04053   0.00042   0.00001
 927         0.04779   0.00064   0.00001
 928         0.05505   0.00074   0.00001
 929         0.06387   0.00051   0.00001
 930         0.07770   0.00029   0.00001
 931         0.09153   0.00007   0.00001
 932         0.10986   0.00001   0.00001
 933         0.13737   0.00001   0.00001
 934         0.16487   0.00001   0.00001
 935         0.20057   0.00001   0.00001
 936         0.24757   0.00001   0.00001
 937         0.29644   0.00001   0.00001
 938         0.36344   0.00001   0.00001
 939         0.43043   0.00001   0.00001
 940         0.50761   0.00001   0.00001
 941         0.58789   0.00001   0.00001
 942         0.68417   0.00003   0.00001
 943         0.80090   0.00014   0.00001
 944         0.91763   0.00026   0.00001
 945         1.03436   0.00038   0.00001
 946         1.26309   0.00049   0.00001
 947         1.49436   0.00061   0.00001
 948         1.72564   0.00034   0.00001
 949         2.03661   0.00001   0.00001
 950         2.44179   0.00001   0.00001
 951         2.84698   0.00001   0.00001
 952         3.41698   0.00001   0.00001
 953         4.40973   0.00001   0.00001
 954         6.25146   0.00001   0.00001
 955         8.09318   0.00001   0.00001
 956         9.93490   0.00001   0.00001
 957        11.77663   0.00001   0.00001
 958        13.91107   0.00001   0.00001
 959        22.72225   0.00001   0.00001
 960        31.53342   0.00001   0.00001
 961        40.34460   0.00001   0.00001
 962        49.15578   0.00001   0.00001
 963        57.96695   0.00001   0.00001
 964        67.39021   0.00001   0.00001
 965        76.86342   0.00001   0.00001
 966        84.40114   0.00001   0.00001
 967        89.20639   0.00010   0.00001
 968        89.93519   0.00033   0.00001
 969        89.79383   0.00056   0.00001
 970        89.65246   0.00079   0.00001
 971        89.56679   0.00072   0.00001
 972        89.76922   0.00045   0.00001
 973        89.97164   0.00019   0.00001
 974        90.17407   0.00001   0.00001
 975        90.37649   0.00001   0.00001
 976        90.85832   0.00001   0.00001
 977        91.57155   0.00001   0.00001
 978        93.09829   0.00001   0.00001
 979        94.07662   0.00001   0.00001
 980        94.69521   0.00001   0.00001
 981        95.18948   0.00001   0.00001
 982        94.84433   0.00003   0.00001
 983        94.49919   0.00005   0.00001
 984        94.00944   0.00007   0.00001
 985        93.38588   0.00006   0.00001
 986        92.87696   0.00004   0.00001
 987        92.36803   0.00002   0.00001
 988        91.91626   0.00001   0.00001
 989        91.47629   0.00001   0.00001
 990        91.03632   0.00001   0.00001
 991        91.51022   0.00001   0.00001
 992        91.98688   0.00001   0.00001
 993        92.53065   0.00001   0.00001
 994        93.13298   0.00001   0.00001
 995        93.73531   0.00001   0.00001
 996        93.77969   0.00001   0.00001
 997        93.13102   0.00001   0.00001
 998        92.24725   0.00001   0.00001
 999        89.90454   0.00001   0.00001
1000        89.44916   0.00001   0.00001
1001        88.99377   0.00020   0.00001
1002        89.05895   0.00044   0.00001
1003        89.61830   0.00067   0.00001
1004        90.65835   0.00077   0.00001
1005        92.36265   0.00054   0.00001
1006        93.35871   0.00030   0.00001
1007        94.38648   0.00007   0.00001
1008        94.95312   0.00001   0.00001
1009        95.33056   0.00001   0.00001
1010        95.62028   0.00001   0.00001
1011        95.86583   0.00001   0.00001
1012        96.03524   0.00001   0.00001
1013        95.98107   0.00001   0.00001
1014        95.92689   0.00001   0.00001
1015        95.87272   0.00001   0.00001
1016        95.64799   0.00001   0.00001
1017        95.32564   0.00001   0.00001
1018        95.00329   0.00001   0.00001
1019        94.68095   0.00001   0.00001
1020        94.40759   0.00001   0.00001
1021        94.13943   0.00001   0.00001
1022        94.31234   0.00001   0.00001
1023        94.51592   0.00001   0.00001
1024        94.72601   0.00001   0.00001
1025        95.01003   0.00002   0.00001
1026        95.29405   0.00016   0.00001
1027        95.33521   0.00031   0.00001
1028        95.09695   0.00045   0.00001
1029        94.85869   0.00037   0.00001
1030        94.09192   0.00008   0.00001
1031        94.13709   0.00001   0.00001
1032        94.18225   0.00001   0.00001
1033        94.22741   0.00001   0.00001
1034        94.27257   0.00001   0.00001
1035        94.17752   0.00001   0.00001
1036        93.98584   0.00001   0.00001
1037        93.79416   0.00001   0.00001
1038        93.60247   0.00001   0.00001
1039        93.48492   0.00001   0.00001
1040        93.63805   0.00001   0.00001
1041        93.79118   0.00001   0.00001
1042        93.94430   0.00001   0.00001
1043        94.16045   0.00001   0.00001
1044        94.48768   0.00001   0.00001
1045        94.79068   0.00001   0.00001
1046        94.98335   0.00001   0.00001
1047        95.17602   0.00001   0.00001
1048        95.22511   0.00001   0.00001
1049        95.07914   0.00001   0.00001
1050        94.93318   0.00001   0.00001
1051        94.78721   0.00001   0.00001
1052        94.65275   0.00001   0.00001
1053        94.69852   0.00001   0.00001
1054        94.74428   0.00001   0.00001
1055        94.79005   0.00001   0.00001
1056        94.83582   0.00001   0.00001
1057        94.58508   0.00010   0.00001
1058        94.12051   0.00047   0.00001
1059        93.40538   0.00083   0.00001
1060        92.59578   0.00095   0.00001
1061        92.25082   0.00071   0.00001
1062        91.90587   0.00046   0.00001
1063        92.57467   0.00021   0.00001
1064        93.29235   0.00001   0.00001
1065        94.01003   0.00001   0.00001
1066        94.80275   0.00001   0.00001
1067        95.60737   0.00001   0.00001
1068        95.25930   0.00001   0.00001
1069        94.91123   0.00001   0.00001
1070        93.45802   0.00001   0.00001
1071        91.99454   0.00001   0.00001
1072        91.66393   0.00001   0.00001
1073        90.77590   0.00001   0.00001
1074        90.28953   0.00001   0.00001
1075        90.52977   0.00001   0.00001
1076        90.77002   0.00001   0.00001
1077        91.09426   0.00004   0.00001
1078        91.67211   0.00007   0.00001
1079        92.40905   0.00011   0.00001
1080        93.07505   0.00014   0.00001
1081        93.98599   0.00017   0.00001
1082        94.37737   0.00017   0.00001
1083        94.66817   0.00014   0.00001
1084        94.46085   0.00010   0.00001
1085        94.25354   0.00007   0.00001
1086        93.41312   0.00004   0.00001
1087        92.87479   0.00001   0.00001
1088        92.33650   0.00001   0.00001
1089        91.83577   0.00001   0.00001
1090        91.15711   0.00001   0.00001
1091        90.32414   0.00001   0.00001
1092        89.22634   0.00001   0.00001
1093        88.57366   0.00001   0.00001
1094        88.55491   0.00001   0.00001
1095        88.88967   0.00001   0.00001
1096        90.60979   0.00001   0.00001
1097        91.91874   0.00001   0.00001
1098        93.21615   0.00001   0.00001
1099        95.07663   0.00001   0.00001
1100        94.87025   0.00001   0.00001
1101        94.61437   0.00001   0.00001
1102        94.35848   0.00001   0.00001
1103        94.10259   0.00001   0.00001
1104        93.84670   0.00001   0.00001
1105        91.00215   0.00001   0.00001
1106        84.77420   0.00001   0.00001
1107        74.42577   0.00001   0.00001
1108        66.59834   0.00001   0.00001
1109        58.77092   0.00001   0.00001
1110        50.94350   0.00001   0.00001
1111        43.11608   0.00001   0.00001
1112        35.10191   0.00001   0.00001
1113        26.44077   0.00001   0.00001
1114        18.66069   0.00001   0.00001
1115        11.84661   0.00001   0.00001
1116         6.58136   0.00001   0.00001
1117         3.43145   0.00001   0.00001
1118         2.28959   0.00001   0.00001
1119         1.31618   0.00001   0.00001
1120         0.49769   0.00001   0.00001
1121         0.32687   0.00001   0.00001
1122         0.92881   0.00001   0.00001
1123         0.10328   0.00001   0.00001
1124         0.14638   0.00001   0.00001
1125         0.08961   0.00001   0.00001
1126         0.02981   0.00001   0.00001
1127         0.01673   0.00001   0.00001
1128         0.01403   0.00001   0.00001
1129         0.00579   0.00001   0.00001
1130         0.00275   0.00001   0.00001
1131         0.00184   0.00001   0.00001
1132         0.00134   0.00001   0.00001
1133         0.00094   0.00001   0.00001
1134         0.00061   0.00001   0.00001
1135         0.00039   0.00002   0.00001
1136         0.00026   0.00002   0.00001
1137         0.00010   0.00003   0.00001
1138         0.00007   0.00003   0.00001
1139         0.00004   0.00004   0.00001
1140         0.00003   0.00006   0.00001
1141         0.00002   0.00007   0.00001
1142         0.00002   0.00009   0.00001
1143         0.00001   0.00011   0.00001
1144         0.00001   0.00017   0.00001
1145         0.00001   0.00020   0.00001
1146         0.00001   0.00028   0.00001
1147         0.00001   0.00037   0.00001
1148         0.00001   0.00049   0.00001
1149         0.00001   0.00066   0.00001
1150         0.00001   0.00113   0.00001
1151         0.00001   0.00175   0.00001
1152         0.00001   0.00237   0.00001
1153         0.00001   0.00298   0.00001
1154         0.00001   0.00478   0.00001
1155         0.00001   0.03075   0.00001
1156         0.00001   0.05673   0.00001
1157         0.00001   0.08270   0.00001
1158         0.00001   0.10868   0.00001
1159         0.00001   0.13466   0.00001
1160         0.00001   0.16063   0.00001
1161         0.00001   0.18661   0.00001
1162         0.00001   0.21258   0.00001
1163         0.00001   0.39850   0.00001
1164         0.00001   1.18863   0.00001
1165         0.00001   2.53869   0.00001
1166         0.00001   4.38528   0.00001
1167         0.00001   7.63333   0.00001
1168         0.00001  11.30000   0.00001
1169         0.00001  25.58977   0.00001
1170         0.00001  41.69455   0.00001
1171         0.00001  63.54682   0.00001
1172         0.00001  77.29909   0.00001
1173         0.00001  82.27636   0.00001
1174         0.00001  84.59339   0.00001
1175         0.00001  85.87588   0.00001
1176         0.00001  86.78341   0.00001
1177         0.00001  87.67122   0.00001
1178         0.00001  88.36420   0.00001
1179         0.00001  88.86494   0.00001
1180         0.00001  89.17332   0.00001
1181         0.00001  89.48171   0.00001
1182         0.00001  89.79744   0.00001
1183         0.00001  90.16237   0.00001
1184         0.00001  90.52445   0.00001
1185         0.00001  90.74692   0.00001
1186         0.00001  90.96939   0.00001
1187         0.00001  91.19187   0.00001
1188         0.00001  91.41434   0.00001
1189         0.00001  91.58409   0.00001
1190         0.00001  91.71407   0.00001
1191         0.00001  91.84405   0.00001
1192         0.00001  91.97403   0.00001
1193         0.00001  92.10400   0.00001
1194         0.00001  92.21993   0.00001
1195         0.00001  92.33235   0.00001
1196         0.00001  92.44477   0.00001
1197         0.00001  92.55718   0.00001
1198         0.00001  92.66960   0.00001
1199         0.00001  92.78201   0.00001
1200         0.00001  92.88460   0.00001
1201         0.00001  92.98532   0.00001
1202         0.00001  93.08604   0.00001
1203         0.00001  93.18676   0.00001
1204         0.00001  93.26800   0.00001
1205         0.00001  93.33965   0.00001
1206         0.00001  93.41130   0.00001
1207         0.00001  93.48294   0.00001
1208         0.00001  93.55459   0.00001
1209         0.00001  93.62623   0.00001
1210         0.00001  93.69615   0.00001
1211         0.00001  93.75201   0.00001
1212         0.00001  93.80788   0.00001
1213         0.00001  93.86374   0.00001
1214         0.00001  93.91961   0.00001
1215         0.00001  93.97547   0.00001
1216         0.00001  94.03134   0.00001
1217         0.00001  94.08721   0.00001
1218         0.00001  94.14182   0.00001
1219         0.00001  94.19636   0.00001
1220         0.00001  94.25091   0.00001
1221         0.00001  94.30545   0.00001
1222         0.00001  94.36000   0.00001
1223         0.00001  94.41455   0.00001
1224         0.00001  94.46909   0.00001
1225         0.00001  94.51464   0.00001
1226         0.00001  94.55793   0.00001
1227         0.00001  94.60123   0.00001
1228         0.00001  94.64453   0.00001
1229         0.00001  94.68782   0.00001
1230         0.00001  94.73112   0.00001
1231         0.00001  94.77441   0.00001
1232         0.00001  94.81775   0.00001
1233         0.00001  94.86110   0.00001
1234         0.00001  94.90446   0.00001
1235         0.00001  94.94782   0.00001
1236         0.00001  94.99117   0.00001
1237         0.00001  95.03453   0.00001
1238         0.00001  95.07789   0.00001
1239         0.00001  95.11848   0.00001
1240         0.00001  95.15619   0.00001
1241         0.00001  95.19390   0.00001
1242         0.00001  95.23161   0.00001
1243         0.00001  95.26932   0.00001
1244         0.00001  95.30703   0.00001
1245         0.00001  95.34473   0.00001
1246         0.00001  95.38015   0.00001
1247         0.00001  95.41092   0.00001
1248         0.00001  95.44169   0.00001
1249         0.00001  95.47246   0.00001
1250         0.00001  95.50323   0.00001
1251         0.00001  95.53400   0.00001
1252         0.00001  95.56477   0.00001
1253         0.00001  95.60031   0.00001
1254         0.00001  95.65757   0.00001
1255         0.00001  95.71483   0.00001
1256         0.00001  95.77209   0.00001
1257         0.00001  95.82936   0.00001
1258         0.00001  95.88662   0.00001
1259         0.00001  95.94388   0.00001
1260         0.00001  96.00031   0.00001
1261         0.00001  96.01567   0.00001
1262         0.00001  96.03103   0.00001
1263         0.00001  96.04640   0.00001
1264         0.00001  96.06176   0.00001
1265         0.00001  96.07712   0.00001
1266         0.00001  96.09249   0.00001
1267         0.00001  96.10785   0.00001
1268         0.00001  96.16413   0.00001
1269         0.00001  96.22706   0.00001
1270         0.00001  96.29000   0.00001
1271         0.00001  96.35294   0.00001
1272         0.00001  96.41587   0.00001
1273         0.00001  96.47881   0.00001
1274         0.00001  96.54175   0.00001
1275         0.00001  96.56297   0.00001
1276         0.00001  96.56716   0.00001
1277         0.00001  96.57135   0.00001
1278         0.00001  96.57554   0.00001
1279         0.00001  96.57973   0.00001
1280         0.00001  96.58392   0.00001
1281         0.00001  96.58811   0.00001
1282         0.00001  96.61769   0.00001
1283         0.00001  96.66804   0.00001
1284         0.00001  96.71839   0.00001
1285         0.00001  96.76874   0.00001
1286         0.00001  96.81909   0.00001
1287         0.00001  96.86944   0.00001
1288         0.00001  96.91979   0.00001
1289         0.00001  96.97744   0.00001
1290         0.00001  97.04603   0.00001
1291         0.00001  97.11462   0.00001
1292         0.00001  97.11130   0.00001
1293         0.00001  97.06574   0.00001
1294         0.00001  97.02018   0.00001
1295         0.00001  96.97462   0.00001
1296         0.00001  96.92331   0.00001
1297         0.00001  96.85376   0.00001
1298         0.00001  96.78422   0.00001
1299         0.00001  96.71468   0.00001
1300         0.00001  96.65651   0.00001
1301         0.00001  96.74946   0.00001
1302         0.00001  96.84242   0.00001
1303         0.00001  96.93538   0.00001
1304         0.00001  97.07877   0.00001
1305         0.00001  97.26872   0.00001
1306         0.00001  97.25209   0.00001
1307         0.00001  97.15907   0.00001
1308         0.00001  97.06605   0.00001
1309         0.00001  96.93440   0.00001
1310         0.00001  96.78773   0.00001
1311         0.00001  96.64107   0.00001
1312         0.00001  96.49440   0.00001
1313         0.00001  96.39553   0.00001
1314         0.00001  96.46615   0.00001
1315         0.00001  96.53676   0.00001
1316         0.00001  96.60737   0.00001
1317         0.00001  96.67798   0.00001
1318         0.00001  96.74859   0.00001
1319         0.00001  96.33519   0.00001
1320         0.00001  95.90526   0.00001
1321         0.00001  95.40811   0.00001
1322         0.00001  94.98536   0.00001
1323         0.00001  94.70701   0.00001
1324         0.00001  94.42866   0.00001
1325         0.00001  94.15031   0.00001
1326         0.00001  88.62857   0.00001
1327         0.00001  73.81299   0.00001
1328         0.00001  53.00508   0.00001
1329         0.00001  33.92386   0.00001
1330         0.00001  15.94659   0.00001
1331         0.00001   9.25114   0.00001
1332         0.00001   3.41847   0.00002
1333         0.00001   2.40142   0.00002
1334         0.00001   1.57598   0.00002
1335         0.00001   1.13955   0.00002
1336         0.00001   0.70312   0.00002
1337         0.00001   0.63756   0.00002
1338         0.00001   0.57199   0.00002
1339         0.00001   0.50643   0.00002
1340         0.00001   0.44087   0.00003
1341         0.00001   0.37531   0.00003
1342         0.00001   0.30974   0.00003
1343         0.00001   0.24418   0.00003
1344         0.00001   0.17862   0.00003
1345         0.00001   0.11306   0.00003
1346         0.00001   0.04749   0.00004
1347         0.00001   0.00747   0.00004
1348         0.00001   0.00652   0.00004
1349         0.00001   0.00557   0.00005
1350         0.00001   0.00462   0.00005
1351         0.00001   0.00366   0.00005
1352         0.00001   0.00271   0.00006
1353         0.00001   0.00176   0.00006
1354         0.00001   0.00081   0.00007
1355         0.00001   0.00057   0.00008
1356         0.00001   0.00046   0.00008
1357         0.00001   0.00036   0.00009
1358         0.00001   0.00026   0.00010
1359         0.00001   0.00022   0.00011
1360         0.00001   0.00017   0.00012
1361         0.00001   0.00013   0.00013
1362         0.00001   0.00011   0.00014
1363         0.00001   0.00009   0.00015
1364         0.00001   0.00007   0.00016
1365         0.00001   0.00006   0.00017
1366         0.00001   0.00005   0.00019
1367         0.00001   0.00004   0.00021
1368         0.00001   0.00003   0.00024
1369         0.00001   0.00002   0.00025
1370         0.00001   0.00002   0.00027
1371         0.00001   0.00002   0.00030
1372         0.00001   0.00001   0.00033
1373         0.00001   0.00001   0.00036
1374         0.00001   0.00001   0.00039
1375         0.00001   0.00001   0.00042
1376         0.00001   0.00001   0.00046
1377         0.00001   0.00001   0.00050
1378         0.00001   0.00001   0.00054
1379         0.00001   0.00001   0.00060
1380         0.00001   0.00001   0.00065
1381         0.00001   0.00001   0.00070
1382         0.00001   0.00001   0.00077
1383         0.00001   0.00001   0.00084
1384         0.00001   0.00001   0.00091
1385         0.00001   0.00001   0.00098
1386         0.00001   0.00001   0.00106
1387         0.00001   0.00001   0.00116
1388         0.00001   0.00001   0.00126
1389         0.00001   0.00001   0.00139
1390         0.00001   0.00001   0.00151
1391         0.00001   0.00001   0.00164
1392         0.00001   0.00001   0.00179
1393         0.00001   0.00001   0.00195
1394         0.00001   0.00001   0.00210
1395         0.00001   0.00001   0.00226
1396         0.00001   0.00001   0.00244
1397         0.00001   0.00001   0.00262
1398         0.00001   0.00001   0.00280
1399         0.00001   0.00001   0.00311
1400         0.00001   0.00001   0.00345
1401         0.00001   0.00001   0.00386
1402         0.00001   0.00001   0.00426
1403         0.00001   0.00001   0.00463
1404         0.00001   0.00001   0.00501
1405         0.00001   0.00001   0.00553
1406         0.00001   0.00001   0.00614
1407         0.00001   0.00001   0.00674
1408         0.00001   0.00001   0.00735
1409         0.00001   0.00001   0.00818
1410         0.00001   0.00001   0.00917
1411         0.00001   0.00001   0.01022
1412         0.00001   0.00001   0.01129
1413         0.00001   0.00001   0.01236
1414         0.00001   0.00001   0.01343
1415         0.00001   0.00001   0.01485
1416         0.00001   0.00001   0.01650
1417         0.00001   0.00001   0.01827
1418         0.00001   0.00001   0.02053
1419         0.00001   0.00001   0.02279
1420         0.00001   0.00001   0.02555
1421         0.00001   0.00001   0.02844
1422         0.00001   0.00001   0.03159
1423         0.00001   0.00001   0.03516
1424         0.00001   0.00001   0.03873
1425         0.00001   0.00001   0.04348
1426         0.00001   0.00001   0.04824
1427         0.00001   0.00001   0.05375
1428         0.00001   0.00001   0.05975
1429         0.00001   0.00001   0.06576
1430         0.00001   0.00001   0.07274
1431         0.00001   0.00001   0.07976
1432         0.00001   0.00001   0.08895
1433         0.00001   0.00001   0.09870
1434         0.00001   0.00001   0.11015
1435         0.00001   0.00001   0.12162
1436         0.00001   0.00001   0.13417
1437         0.00001   0.00001   0.15027
1438         0.00001   0.00001   0.16637
1439         0.00001   0.00001   0.18452
1440         0.00001   0.00001   0.20407
1441         0.00001   0.00001   0.22518
1442         0.00001   0.00001   0.25281
1443         0.00001   0.00001   0.28045
1444         0.00001   0.00001   0.31289
1445         0.00001   0.00001   0.34659
1446         0.00001   0.00001   0.38571
1447         0.00001   0.00001   0.43321
1448         0.00001   0.00001   0.48071
1449         0.00001   0.00001   0.54324
1450         0.00001   0.00001   0.60588
1451         0.00001   0.00001   0.67533
1452         0.00001   0.00001   0.74946
1453         0.00001   0.00001   0.84199
1454         0.00001   0.00001   0.94428
1455         0.00001   0.00001   1.09112
1456         0.00001   0.00001   1.24712
1457         0.00001   0.00001   1.41241
1458         0.00001   0.00001   1.58242
1459         0.00001   0.00001   1.75243
1460         0.00001   0.00001   2.01209
1461         0.00001   0.00001   2.27643
1462         0.00001   0.00001   2.58924
1463         0.00001   0.00001   3.00997
1464         0.00001   0.00001   3.44210
1465         0.00001   0.00001   3.89210
1466         0.00001   0.00001   4.34209
1467         0.00001   0.00001   4.94849
1468         0.00001   0.00001   5.66393
1469         0.00001   0.00001   6.37937
1470         0.00001   0.00001   7.56545
1471         0.00001   0.00001   8.27856
1472         0.00001   0.00001   9.40495
1473         0.00002   0.00001  10.81983
1474         0.00002   0.00001  12.45220
1475         0.00001   0.00001  14.02540
1476         0.00001   0.00001  15.55715
1477         0.00001   0.00001  17.22054
1478         0.00001   0.00001  19.45402
1479         0.00001   0.00001  21.68749
1480         0.00001   0.00001  24.58868
1481         0.00001   0.00001  26.97870
1482         0.00001   0.00001  29.73014
1483         0.00001   0.00001  33.05443
1484         0.00001   0.00001  36.37871
1485         0.00002   0.00001  39.71616
1486         0.00002   0.00001  43.21831
1487         0.00002   0.00001  46.72045
1488         0.00001   0.00001  50.22260
1489         0.00001   0.00001  53.64458
1490         0.00001   0.00001  57.00873
1491         0.00001   0.00001  60.37289
1492         0.00001   0.00001  63.68439
1493         0.00001   0.00001  66.45014
1494         0.00001   0.00001  69.21589
1495         0.00001   0.00001  71.98164
1496         0.00001   0.00001  74.14277
1497         0.00001   0.00001  75.89406
1498         0.00001   0.00001  77.64534
1499         0.00001   0.00001  79.39663
1500         0.00001   0.00001  81.14792
1501         0.00001   0.00001  82.65771
1502         0.00001   0.00001  83.73252
1503         0.00001   0.00001  84.80733
1504         0.00001   0.00001  85.88214
1505         0.00001   0.00001  86.95695
1506         0.00001   0.00001  87.73346
1507         0.00002   0.00001  88.27616
1508         0.00002   0.00001  88.78641
1509         0.00002   0.00001  89.16417
1510         0.00001   0.00001  89.54074
1511         0.00001   0.00001  89.86211
1512         0.00001   0.00001  90.14560
1513         0.00001   0.00001  90.42909
1514         0.00001   0.00001  90.71258
1515         0.00001   0.00001  90.91439
1516         0.00001   0.00001  91.08765
1517         0.00001   0.00001  91.25127
1518         0.00001   0.00001  91.38816
1519         0.00001   0.00001  91.52504
1520         0.00001   0.00001  91.66192
1521         0.00001   0.00001  91.75851
1522         0.00001   0.00001  91.84776
1523         0.00001   0.00001  91.93701
1524         0.00001   0.00001  92.02626
1525         0.00001   0.00001  92.11327
1526         0.00001   0.00002  92.18514
1527         0.00001   0.00002  92.25701
1528         0.00001   0.00005  92.32887
1529         0.00001   0.00007  92.40074
1530         0.00001   0.00011  92.46869
1531         0.00001   0.00012  92.53103
1532         0.00001   0.00011  92.59337
1533         0.00001   0.00007  92.65571
1534         0.00001   0.00004  92.71867
1535         0.00001   0.00003  92.79362
1536         0.00001   0.00002  92.86857
1537         0.00001   0.00002  92.94352
1538         0.00001   0.00002  93.01848
1539         0.00004   0.00002  93.09343
1540         0.00007   0.00002  93.15706
1541         0.00010   0.00002  93.22044
1542         0.00014   0.00002  93.28383
1543         0.00017   0.00002  93.34722
1544         0.00020   0.00002  93.40961
1545         0.00024   0.00002  93.46917
1546         0.00027   0.00002  93.52874
1547         0.00030   0.00002  93.58830
1548         0.00030   0.00002  93.64787
1549         0.00028   0.00002  93.69816
1550         0.00026   0.00002  93.73600
1551         0.00025   0.00002  93.77384
1552         0.00023   0.00002  93.81169
1553         0.00022   0.00001  93.84953
1554         0.00020   0.00001  93.89431
1555         0.00018   0.00001  93.94053
1556         0.00017   0.00001  93.98674
1557         0.00015   0.00001  94.03296
1558         0.00014   0.00001  94.07528
1559         0.00012   0.00001  94.08673
1560         0.00010   0.00001  94.09818
1561         0.00009   0.00001  94.10963
1562         0.00007   0.00001  94.12107
1563         0.00005   0.00001  94.12800
1564         0.00004   0.00001  94.12800
1565         0.00002   0.00001  94.12800
1566         0.00002   0.00001  94.12800
1567         0.00002   0.00001  94.12800
1568         0.00002   0.00002  94.11634
1569         0.00002   0.00002  94.09917
1570         0.00002   0.00002  94.08200
1571         0.00002   0.00002  94.06482
1572         0.00002   0.00003  94.04765
1573         0.00002   0.00003  94.02085
1574         0.00002   0.00003  93.99367
1575         0.00002   0.00003  93.96649
1576         0.00002   0.00004  93.93931
1577         0.00003   0.00004  93.92117
1578         0.00003   0.00004  93.91890
1579         0.00003   0.00004  93.91662
1580         0.00003   0.00004  93.91435
1581         0.00003   0.00004  93.91207
1582         0.00002   0.00004  93.91100
1583         0.00002   0.00003  93.91100
1584         0.00002   0.00003  93.91100
1585         0.00002   0.00003  93.91100
1586         0.00001   0.00003  93.91100
1587         0.00001   0.00003  93.92514
1588         0.00001   0.00003  93.94256
1589         0.00001   0.00002  93.95998
1590         0.00001   0.00002  93.97740
1591         0.00001   0.00002  94.00662
1592         0.00001   0.00002  94.05032
1593         0.00001   0.00002  94.09402
1594         0.00001   0.00002  94.13773
1595         0.00001   0.00002  94.18143
1596         0.00001   0.00002  94.23274
1597         0.00002   0.00002  94.28967
1598         0.00007   0.00002  94.34661
1599         0.00017   0.00002  94.40354
1600         0.00028   0.00002  94.46048
1601         0.00038   0.00002  94.51741
1602         0.00049   0.00002  94.57435
1603         0.00059   0.00002  94.63128
1604         0.00070   0.00002  94.68250
1605         0.00081   0.00003  94.72747
1606         0.00091   0.00003  94.77244
1607         0.00102   0.00003  94.81741
1608         0.00112   0.00003  94.86238
1609         0.00123   0.00004  94.89722
1610         0.00133   0.00004  94.91736
1611         0.00144   0.00004  94.93750
1612         0.00154   0.00004  94.95764
1613         0.00165   0.00005  94.97778
1614         0.00175   0.00005  94.98400
1615         0.00186   0.00005  94.98400
1616         0.00196   0.00005  94.98400
1617         0.00207   0.00006  94.98400
1618         0.00217   0.00006  94.98400
1619         0.00228   0.00007  94.97553
1620         0.00238   0.00007  94.96684
1621         0.00249   0.00007  94.95814
1622         0.00259   0.00008  94.94945
1623         0.00263   0.00008  94.94524
1624         0.00246   0.00007  94.95393
1625         0.00230   0.00007  94.96263
1626         0.00213   0.00007  94.97132
1627         0.00197   0.00006  94.98001
1628         0.00180   0.00006  94.98951
1629         0.00164   0.00005  94.99968
1630         0.00148   0.00005  95.00986
1631         0.00131   0.00005  95.02004
1632         0.00115   0.00004  95.03021
1633         0.00098   0.00004  95.07039
1634         0.00082   0.00004  95.12835
1635         0.00065   0.00004  95.18630
1636         0.00049   0.00004  95.24425
1637         0.00033   0.00003  95.30217
1638         0.00016   0.00003  95.35985
1639         0.00001   0.00003  95.41752
1640         0.00001   0.00003  95.47520
1641         0.00001   0.00003  95.53288
1642         0.00001   0.00003  95.58883
1643         0.00001   0.00003  95.64210
1644         0.00001   0.00002  95.69537
1645         0.00001   0.00002  95.74865
1646         0.00001   0.00002  95.80192
1647         0.00001   0.00002  95.84433
1648         0.00001   0.00002  95.88388
1649         0.00001   0.00002  95.92344
1650         0.00001   0.00002  95.96299
1651         0.00001   0.00002  96.00255
1652         0.00001   0.00002  96.04350
1653         0.00001   0.00003  96.08490
1654         0.00001   0.00003  96.12630
1655         0.00001   0.00003  96.16769
1656         0.00001   0.00003  96.20662
1657         0.00001   0.00003  96.22793
1658         0.00001   0.00003  96.24924
1659         0.00001   0.00003  96.27055
1660         0.00001   0.00004  96.29186
1661         0.00001   0.00004  96.30800
1662         0.00001   0.00004  96.31945
1663         0.00001   0.00004  96.33089
1664         0.00001   0.00004  96.34234
1665         0.00001   0.00005  96.35379
1666         0.00001   0.00005  96.36541
1667         0.00001   0.00006  96.37707
1668         0.00001   0.00007  96.38874
1669         0.00001   0.00007  96.40040
1670         0.00001   0.00008  96.41204
1671         0.00001   0.00009  96.42349
1672         0.00001   0.00011  96.43494
1673         0.00001   0.00012  96.44639
1674         0.00001   0.00013  96.45783
1675         0.00001   0.00014  96.47364
1676         0.00001   0.00015  96.49675
1677         0.00001   0.00016  96.51986
1678         0.00001   0.00016  96.54297
1679         0.00001   0.00017  96.56607
1680         0.00001   0.00016  96.59100
1681         0.00001   0.00015  96.61687
1682         0.00001   0.00014  96.64273
1683         0.00001   0.00013  96.66860
1684         0.00001   0.00013  96.69447
1685         0.00001   0.00012  96.71774
1686         0.00001   0.00011  96.74085
1687         0.00001   0.00010  96.76396
1688         0.00001   0.00009  96.78707
1689         0.00001   0.00008  96.80690
1690         0.00001   0.00007  96.81538
1691         0.00001   0.00007  96.82386
1692         0.00001   0.00006  96.83234
1693         0.00001   0.00006  96.84082
1694         0.00001   0.00006  96.85446
1695         0.00001   0.00005  96.87312
1696         0.00001   0.00005  96.89177
1697         0.00001   0.00005  96.89652
1698         0.00001   0.00004  96.89030
1699         0.00001   0.00004  96.88409
1700         0.00001   0.00004  96.87787
1701         0.00001   0.00004  96.87165
1702         0.00001   0.00004  96.86543
1703         0.00001   0.00004  96.85921
1704         0.00001   0.00003  96.85299
1705         0.00001   0.00003  96.84677
1706         0.00001   0.00003  96.84303
1707         0.00001   0.00003  96.84027
1708         0.00001   0.00003  96.83752
1709         0.00001   0.00003  96.83476
1710         0.00001   0.00003  96.83200
1711         0.00001   0.00003  96.81188
1712         0.00001   0.00003  96.79174
1713         0.00001   0.00003  96.77160
1714         0.00001   0.00003  96.75146
1715         0.00001   0.00003  96.73126
1716         0.00001   0.00003  96.71091
1717         0.00001   0.00003  96.69056
1718         0.00001   0.00004  96.67021
1719         0.00001   0.00004  96.64985
1720         0.00001   0.00004  96.63621
1721         0.00001   0.00004  96.62773
1722         0.00001   0.00005  96.61924
1723         0.00001   0.00005  96.61076
1724         0.00001   0.00005  96.60228
1725         0.00001   0.00005  96.60100
1726         0.00001   0.00006  96.60100
1727         0.00001   0.00006  96.60100
1728         0.00001   0.00006  96.60100
1729         0.00001   0.00007  96.60327
1730         0.00001   0.00007  96.62044
1731         0.00001   0.00007  96.63761
1732         0.00001   0.00008  96.65478
1733         0.00001   0.00009  96.67195
1734         0.00001   0.00010  96.69520
1735         0.00001   0.00012  96.72701
1736         0.00001   0.00013  96.75881
1737         0.00001   0.00015  96.79062
1738         0.00001   0.00017  96.82243
1739         0.00001   0.00019  96.85008
1740         0.00001   0.00021  96.87594
1741         0.00001   0.00023  96.90181
1742         0.00001   0.00025  96.92767
1743         0.00001   0.00027  96.95353
1744         0.00001   0.00029  96.89737
1745         0.00001   0.00031  96.83971
1746         0.00001   0.00033  96.78205
1747         0.00001   0.00035  96.72438
1748         0.00001   0.00037  96.63165
1749         0.00001   0.00036  96.44166
1750         0.00001   0.00035  96.25167
1751         0.00001   0.00035  96.01815
1752         0.00001   0.00034  95.77691
1753         0.00001   0.00033  95.51536
1754         0.00001   0.00032  95.25136
1755         0.00001   0.00031  94.83652
1756         0.00001   0.00028  94.43091
1757         0.00001   0.00026  94.00581
1758         0.00001   0.00024  93.55317
1759         0.00001   0.00022  93.06521
1760         0.00001   0.00021  91.99324
1761         0.00001   0.00021  91.22858
1762         0.00001   0.00020  90.18291
1763         0.00001   0.00020  89.01966
1764         0.00001   0.00019  87.85641
1765         0.00001   0.00019  86.69316
1766         0.00001   0.00019  85.52991
1767         0.00001   0.00018  84.36666
1768         0.00002   0.00018  82.89532
1769         0.00003   0.00018  79.90907
1770         0.00004   0.00018  76.92281
1771         0.00005   0.00018  73.93655
1772         0.00006   0.00019  70.95029
1773         0.00007   0.00019  67.96404
1774         0.00008   0.00019  64.97778
1775         0.00009   0.00019  61.99152
1776         0.00010   0.00019  59.00526
1777         0.00011   0.00019  55.47102
1778         0.00012   0.00021  51.23079
1779         0.00013   0.00022  46.99056
1780         0.00014   0.00023  42.75033
1781         0.00015   0.00024  38.51010
1782         0.00016   0.00025  34.26987
1783         0.00017   0.00027  30.02965
1784         0.00018   0.00029  26.33084
1785         0.00019   0.00031  23.28846
1786         0.00020   0.00033  20.24608
1787         0.00019   0.00035  17.20370
1788         0.00018   0.00036  15.48927
1789         0.00017   0.00037  13.83017
1790         0.00017   0.00038  12.17108
1791         0.00016   0.00039  10.51198
1792         0.00015   0.00040   8.85289
1793         0.00014   0.00041   7.79890
1794         0.00013   0.00039   6.66444
1795         0.00012   0.00037   5.68007
1796         0.00011   0.00034   4.91547
1797         0.00010   0.00032   4.39173
1798         0.00009   0.00029   3.86799
1799         0.00008   0.00027   3.36968
1800         0.00007   0.00025   2.91533
1801         0.00006   0.00022   2.53764
1802         0.00005   0.00019   2.23954
1803         0.00004   0.00017   2.05268
1804         0.00005   0.00016   1.86582
1805         0.00005   0.00014   1.50822
1806         0.00006   0.00013   1.36971
1807         0.00006   0.00012   1.25055
1808         0.00007   0.00010   1.12812
1809         0.00008   0.00010   1.00568
1810         0.00008   0.00009   0.88324
1811         0.00009   0.00008   0.77044
1812         0.00009   0.00008   0.68440
1813         0.00010   0.00007   0.61746
1814         0.00010   0.00006   0.55052
1815         0.00011   0.00006   0.50075
1816         0.00011   0.00006   0.45218
1817         0.00012   0.00005   0.40777
1818         0.00013   0.00005   0.36699
1819         0.00013   0.00005   0.32765
1820         0.00013   0.00005   0.29760
1821         0.00012   0.00004   0.26755
1822         0.00012   0.00004   0.24352
1823         0.00012   0.00004   0.22168
1824         0.00011   0.00004   0.20128
1825         0.00011   0.00004   0.18372
1826         0.00010   0.00003   0.16617
1827         0.00010   0.00003   0.15264
1828         0.00010   0.00003   0.13940
1829         0.00009   0.00003   0.12906
1830         0.00009   0.00003   0.12127
1831         0.00009   0.00003   0.11348
1832         0.00008   0.00003   0.10569
1833         0.00008   0.00003   0.09762
1834         0.00008   0.00003   0.08944
1835         0.00007   0.00003   0.08125
1836         0.00007   0.00003   0.07374
1837         0.00006   0.00003   0.06760
1838         0.00006   0.00003   0.06146
1839         0.00006   0.00003   0.05615
1840         0.00005   0.00003   0.05254
1841         0.00005   0.00003   0.04893
1842         0.00005   0.00003   0.04532
1843         0.00004   0.00003   0.04230
1844         0.00004   0.00003   0.03949
1845         0.00004   0.00003   0.03668
1846         0.00003   0.00003   0.03398
1847         0.00003   0.00003   0.03194
1848         0.00003   0.00003   0.02991
1849         0.00002   0.00003   0.02787
1850         0.00002   0.00003   0.02619
1851         0.00002   0.00003   0.02469
1852         0.00002   0.00003   0.02320
1853         0.00002   0.00003   0.02171
1854         0.00002   0.00003   0.02043
1855         0.00002   0.00003   0.01916
1856         0.00002   0.00003   0.01790
1857         0.00002   0.00004   0.01674
1858         0.00002   0.00004   0.01595
1859         0.00002   0.00004   0.01516
1860         0.00002   0.00004   0.01438
1861         0.00002   0.00004   0.01360
1862         0.00002   0.00004   0.01291
1863         0.00002   0.00005   0.01223
1864         0.00002   0.00005   0.01159
1865         0.00002   0.00005   0.01098
1866         0.00002   0.00005   0.01036
1867         0.00003   0.00006   0.00975
1868         0.00004   0.00006   0.00921
1869         0.00005   0.00007   0.00872
1870         0.00006   0.00007   0.00822
1871         0.00006   0.00008   0.00773
1872         0.00007   0.00009   0.00730
1873         0.00008   0.00010   0.00699
1874         0.00009   0.00010   0.00667
1875         0.00010   0.00011   0.00636
1876         0.00011   0.00012   0.00605
1877         0.00011   0.00013   0.00573
1878         0.00012   0.00014   0.00548
1879         0.00013   0.00015   0.00523
1880         0.00014   0.00016   0.00498
1881         0.00015   0.00018   0.00474
1882         0.00016   0.00020   0.00450
1883         0.00016   0.00022   0.00430
1884         0.00017   0.00024   0.00411
1885         0.00016   0.00027   0.00391
1886         0.00016   0.00029   0.00372
1887         0.00016   0.00032   0.00354
1888         0.00015   0.00035   0.00340
1889         0.00015   0.00036   0.00325
1890         0.00014   0.00036   0.00311
1891         0.00014   0.00037   0.00296
1892         0.00014   0.00038   0.00282
1893         0.00013   0.00038   0.00268
1894         0.00013   0.00039   0.00257
1895         0.00012   0.00040   0.00247
1896         0.00012   0.00039   0.00237
1897         0.00012   0.00037   0.00227
1898         0.00011   0.00036   0.00217
1899         0.00011   0.00034   0.00207
1900         0.00010   0.00032   0.00197
1901         0.00010   0.00031   0.00187
1902         0.00010   0.00029   0.00180
1903         0.00009   0.00028   0.00173
1904         0.00009   0.00026   0.00166
1905         0.00008   0.00025   0.00159
1906         0.00008   0.00024   0.00152
1907         0.00008   0.00023   0.00147
1908         0.00007   0.00022   0.00141
1909         0.00007   0.00021   0.00136
1910         0.00006   0.00021   0.00130
1911         0.00006   0.00020   0.00125
1912         0.00006   0.00020   0.00120
1913         0.00005   0.00019   0.00115
1914         0.00005   0.00018   0.00110
1915         0.00004   0.00018   0.00106
1916         0.00004   0.00017   0.00101
1917         0.00005   0.00017   0.00096
1918         0.00005   0.00017   0.00092
1919         0.00006   0.00017   0.00088
1920         0.00007   0.00017   0.00085
1921         0.00007   0.00017   0.00082
1922         0.00008   0.00017   0.00079
1923         0.00008   0.00017   0.00076
1924         0.00009   0.00017   0.00072
1925         0.00010   0.00017   0.00069
1926         0.00010   0.00017   0.00067
1927         0.00011   0.00017   0.00064
1928         0.00012   0.00017   0.00062
1929         0.00012   0.00017   0.00060
1930         0.00013   0.00018   0.00057
1931         0.00014   0.00018   0.00055
1932         0.00014   0.00018   0.00053
1933         0.00015   0.00019   0.00051
1934         0.00015   0.00019   0.00049
1935         0.00016   0.00020   0.00047
1936         0.00017   0.00020   0.00045
1937         0.00017   0.00020   0.00043
1938         0.00018   0.00021   0.00042
1939         0.00019   0.00022   0.00040
1940         0.00019   0.00023   0.00039
1941         0.00020   0.00024   0.00037
1942         0.00020   0.00024   0.00036
1943         0.00019   0.00025   0.00034
1944         0.00019   0.00026   0.00033
1945         0.00018   0.00028   0.00032
1946         0.00018   0.00029   0.00031
1947         0.00018   0.00030   0.00030
1948         0.00017   0.00032   0.00029
1949         0.00017   0.00032   0.00028
1950         0.00016   0.00033   0.00027
1951         0.00016   0.00034   0.00026
1952         0.00015   0.00034   0.00025
1953         0.00015   0.00035   0.00024
1954         0.00015   0.00036   0.00023
1955         0.00014   0.00037   0.00023
1956         0.00014   0.00037   0.00022
1957         0.00014   0.00038   0.00021
1958         0.00014   0.00038   0.00020
1959         0.00015   0.00037   0.00019
1960         0.00015   0.00037   0.00018
1961         0.00015   0.00036   0.00018
1962         0.00015   0.00035   0.00017
1963         0.00015   0.00035   0.00017
1964         0.00016   0.00034   0.00016
1965         0.00016   0.00034   0.00016
1966         0.00016   0.00033   0.00015
1967         0.00016   0.00033   0.00015
1968         0.00015   0.00031   0.00014
1969         0.00015   0.00030   0.00014
1970         0.00015   0.00028   0.00013
1971         0.00014   0.00027   0.00013
1972         0.00014   0.00026   0.00012
1973         0.00014   0.00025   0.00012
1974         0.00013   0.00024   0.00011
1975         0.00013   0.00023   0.00011
1976         0.00012   0.00022   0.00011
1977         0.00012   0.00022   0.00010
1978         0.00012   0.00021   0.00010
1979         0.00011   0.00020   0.00010
1980         0.00011   0.00020   0.00009
1981         0.00011   0.00019   0.00009
1982         0.00010   0.00018   0.00009
1983         0.00013   0.00018   0.00008
1984         0.00020   0.00017   0.00008
1985         0.00028   0.00017   0.00008
1986         0.00035   0.00016   0.00008
1987         0.00042   0.00016   0.00007
1988         0.00049   0.00016   0.00007
1989         0.00056   0.00015   0.00007
1990         0.00064   0.00015   0.00007
1991         0.00071   0.00015   0.00006
1992         0.00078   0.00015   0.00006
1993         0.00085   0.00014   0.00006
1994         0.00093   0.00014   0.00006
1995         0.00100   0.00014   0.00006
1996         0.00107   0.00014   0.00005
1997         0.00114   0.00014   0.00005
1998         0.00121   0.00014   0.00005
1999         0.00129   0.00014   0.00005
2000         0.00136   0.00014   0.00005
2001         0.00143   0.00013   0.00005
2002         0.00150   0.00013   0.00004
2003         0.00158   0.00013   0.00004
2004         0.00165   0.00013   0.00004
2005         0.00172   0.00013   0.00004
2006         0.00179   0.00013   0.00004
2007         0.00170   0.00013   0.00004
2008         0.00162   0.00013   0.00004
2009         0.00154   0.00014   0.00004
2010         0.00146   0.00014   0.00003
2011         0.00137   0.00014   0.00003
2012         0.00129   0.00014   0.00003
2013         0.00121   0.00015   0.00003
2014         0.00113   0.00015   0.00003
2015         0.00105   0.00015   0.00003
2016         0.00096   0.00016   0.00003
2017         0.00088   0.00016   0.00003
2018         0.00080   0.00016   0.00003
2019         0.00072   0.00017   0.00003
2020         0.00063   0.00017   0.00002
2021         0.00055   0.00017   0.00002
2022         0.00047   0.00018   0.00002
2023         0.00039   0.00018   0.00002
2024         0.00030   0.00019   0.00002
2025         0.00022   0.00019   0.00002
2026         0.00014   0.00020   0.00002
2027         0.00006   0.00020   0.00002
2028         0.00001   0.00021   0.00002
2029         0.00001   0.00022   0.00002
2030         0.00001   0.00022   0.00002
2031         0.00001   0.00023   0.00002
2032         0.00001   0.00024   0.00002
2033         0.00001   0.00024   0.00002
2034         0.00001   0.00025   0.00002
2035         0.00001   0.00026   0.00002
2036         0.00001   0.00026   0.00002
2037         0.00001   0.00027   0.00002
2038         0.00001   0.00028   0.00002
2039         0.00001   0.00028   0.00002
2040         0.00001   0.00029   0.00002
2041         0.00001   0.00029   0.00001
2042         0.00001   0.00029   0.00001
2043         0.00001   0.00029   0.00001
2044         0.00001   0.00029   0.00001
2045         0.00001   0.00029   0.00001
2046         0.00001   0.00029   0.00001
2047         0.00001   0.00030   0.00001
2048         0.00001   0.00030   0.00001
2049         0.00001   0.00030   0.00001
2050         0.00001   0.00030   0.00001
2051         0.00001   0.00030   0.00001
2052         0.00001   0.00030   0.00001
2053         0.00001   0.00029   0.00001
2054         0.00001   0.00029   0.00001
2055         0.00001   0.00029   0.00001
2056         0.00001   0.00028   0.00001
2057         0.00001   0.00028   0.00001
2058         0.00001   0.00027   0.00001
2059         0.00001   0.00027   0.00001
2060         0.00001   0.00026   0.00001
2061         0.00001   0.00026   0.00001
2062         0.00001   0.00025   0.00001
2063         0.00001   0.00025   0.00001
2064         0.00001   0.00024   0.00001
2065         0.00001   0.00023   0.00001
2066         0.00001   0.00023   0.00001
2067         0.00001   0.00022   0.00001
2068         0.00001   0.00022   0.00001
2069         0.00001   0.00021   0.00001
2070         0.00001   0.00021   0.00001
2071         0.00001   0.00021   0.00001
2072         0.00001   0.00020   0.00001
2073         0.00001   0.00020   0.00001
2074         0.00001   0.00019   0.00001
2075         0.00001   0.00019   0.00001
2076         0.00001   0.00019   0.00001
2077         0.00001   0.00018   0.00001
2078         0.00001   0.00018   0.00001
2079         0.00001   0.00018   0.00001
2080         0.00001   0.00017   0.00001
2081         0.00001   0.00017   0.00001
2082         0.00001   0.00017   0.00001
2083         0.00001   0.00017   0.00001
2084         0.00001   0.00017   0.00001
2085         0.00001   0.00017   0.00001
2086         0.00001   0.00017   0.00001
2087         0.00001   0.00016   0.00001
2088         0.00001   0.00016   0.00001
2089         0.00001   0.00016   0.00001
2090         0.00001   0.00016   0.00001
2091         0.00001   0.00016   0.00001
2092         0.00001   0.00016   0.00001
2093         0.00001   0.00016   0.00001
2094         0.00001   0.00016   0.00001
2095         0.00001   0.00016   0.00001
2096         0.00001   0.00016   0.00001
2097         0.00001   0.00016   0.00001
2098         0.00001   0.00016   0.00001
2099         0.00001   0.00017   0.00001
2100         0.00001   0.00017   0.00001
2101         0.00001   0.00017   0.00001
2102         0.00001   0.00017   0.00001
2103         0.00001   0.00017   0.00001
2104         0.00001   0.00017   0.00001
2105         0.00001   0.00017   0.00001
2106         0.00001   0.00018   0.00001
2107         0.00001   0.00018   0.00001
2108         0.00001   0.00018   0.00001
2109         0.00001   0.00018   0.00001
2110         0.00001   0.00019   0.00001
2111         0.00001   0.00019   0.00001
2112         0.00001   0.00019   0.00001
2113         0.00001   0.00020   0.00001
2114         0.00001   0.00020   0.00001
2115         0.00001   0.00020   0.00001
2116         0.00001   0.00020   0.00001
2117         0.00001   0.00021   0.00001
2118         0.00001   0.00021   0.00001
2119         0.00001   0.00022   0.00001
2120         0.00001   0.00022   0.00001
2121         0.00001   0.00022   0.00001
2122         0.00001   0.00023   0.00001
2123         0.00001   0.00023   0.00001
2124         0.00001   0.00024   0.00001
2125         0.00001   0.00024   0.00001
2126         0.00001   0.00025   0.00001
2127         0.00001   0.00025   0.00001
2128         0.00001   0.00026   0.00001
2129         0.00001   0.00027   0.00001
2130         0.00001   0.00027   0.00001
2131         0.00001   0.00028   0.00001
2132         0.00001   0.00028   0.00001
2133         0.00001   0.00029   0.00001
2134         0.00001   0.00030   0.00001
2135         0.00001   0.00030   0.00001
2136         0.00001   0.00031   0.00001
2137         0.00001   0.00031   0.00001
2138         0.00001   0.00032   0.00001
2139         0.00001   0.00032   0.00001
2140         0.00001   0.00033   0.00001
2141         0.00001   0.00033   0.00001
2142         0.00001   0.00033   0.00001
2143         0.00001   0.00034   0.00001
2144         0.00001   0.00034   0.00001
2145         0.00001   0.00035   0.00001
2146         0.00001   0.00035   0.00001
2147         0.00001   0.00036   0.00001
2148         0.00001   0.00036   0.00001
2149         0.00001   0.00036   0.00001
2150         0.00001   0.00036   0.00001
2151         0.00001   0.00036   0.00001
2152         0.00001   0.00036   0.00001
2153         0.00001   0.00036   0.00001
2154         0.00001   0.00036   0.00001
2155         0.00001   0.00037   0.00001
2156         0.00001   0.00037   0.00001
2157         0.00001   0.00037   0.00001
2158         0.00001   0.00037   0.00001
2159         0.00001   0.00037   0.00001
2160         0.00001   0.00037   0.00001
2161         0.00001   0.00037   0.00001
2162         0.00001   0.00037   0.00001
2163         0.00001   0.00037   0.00001
2164         0.00001   0.00036   0.00001
2165         0.00001   0.00036   0.00001
2166         0.00001   0.00036   0.00001
2167         0.00001   0.00036   0.00001
2168         0.00001   0.00035   0.00001
2169         0.00001   0.00035   0.00001
2170         0.00001   0.00035   0.00001
2171         0.00001   0.00035   0.00001
2172         0.00001   0.00034   0.00001
2173         0.00001   0.00034   0.00001
2174         0.00002   0.00034   0.00001
2175         0.00002   0.00034   0.00001
2176         0.00003   0.00034   0.00001
2177         0.00004   0.00034   0.00001
2178         0.00004   0.00033   0.00001
2179         0.00005   0.00033   0.00001
2180         0.00006   0.00033   0.00001
2181         0.00007   0.00033   0.00001
2182         0.00007   0.00033   0.00001
2183         0.00008   0.00033   0.00001
2184         0.00009   0.00032   0.00001
2185         0.00009   0.00032   0.00001
2186         0.00008   0.00032   0.00001
2187         0.00008   0.00032   0.00001
2188         0.00007   0.00032   0.00001
2189         0.00007   0.00032   0.00001
2190         0.00006   0.00032   0.00001
2191         0.00006   0.00032   0.00001
2192         0.00006   0.00032   0.00001
2193         0.00005   0.00032   0.00001
2194         0.00005   0.00031   0.00001
2195         0.00004   0.00031   0.00001
2196         0.00004   0.00031   0.00001
2197         0.00003   0.00031   0.00001
2198         0.00003   0.00031   0.00001
2199         0.00003   0.00031   0.00001
2200         0.00002   0.00031   0.00001
2201         0.00002   0.00031   0.00001
2202         0.00002   0.00031   0.00001
2203         0.00003   0.00031   0.00001
2204         0.00003   0.00031   0.00001
2205         0.00003   0.00031   0.00001
2206         0.00003   0.00031   0.00001
2207         0.00003   0.00032   0.00001
2208         0.00003   0.00032   0.00001
2209         0.00004   0.00032   0.00001
2210         0.00004   0.00032   0.00001
2211         0.00004   0.00032   0.00001
2212         0.00004   0.00032   0.00001
2213         0.00004   0.00032   0.00001
2214         0.00005   0.00032   0.00001
2215         0.00005   0.00032   0.00001
2216         0.00005   0.00032   0.00001
2217         0.00005   0.00033   0.00001
2218         0.00005   0.00033   0.00001
2219         0.00004   0.00033   0.00001
2220         0.00004   0.00033   0.00001
2221         0.00004   0.00033   0.00001
2222         0.00003   0.00033   0.00001
2223         0.00003   0.00034   0.00001
2224         0.00003   0.00034   0.00001
2225         0.00003   0.00034   0.00001
2226         0.00002   0.00034   0.00001
2227         0.00002   0.00034   0.00001
2228         0.00002   0.00034   0.00001
2229         0.00002   0.00034   0.00001
2230         0.00001   0.00034   0.00001
2231         0.00001   0.00034   0.00001
2232         0.00001   0.00034   0.00001
2233         0.00001   0.00034   0.00001
2234         0.00001   0.00034   0.00001
2235         0.00001   0.00034   0.00001
2236         0.00001   0.00034   0.00001
2237         0.00001   0.00034   0.00001
2238         0.00001   0.00034   0.00001
2239         0.00001   0.00034   0.00001
2240         0.00001   0.00034   0.00001
2241         0.00001   0.00034   0.00001
2242         0.00001   0.00034   0.00001
2243         0.00001   0.00034   0.00001
2244         0.00001   0.00034   0.00001
2245         0.00001   0.00034   0.00001
2246         0.00001   0.00034   0.00001
2247         0.00001   0.00034   0.00001
2248         0.00001   0.00034   0.00001
2249         0.00001   0.00034   0.00001
2250         0.00001   0.00034   0.00001
2251         0.00001   0.00034   0.00001
2252         0.00001   0.00034   0.00001
2253         0.00001   0.00034   0.00001
2254         0.00001   0.00034   0.00001
2255         0.00001   0.00034   0.00001
2256         0.00001   0.00034   0.00001
2257         0.00001   0.00034   0.00001
2258         0.00001   0.00034   0.00001
2259         0.00001   0.00033   0.00001
2260         0.00001   0.00033   0.00001
2261         0.00001   0.00033   0.00001
2262         0.00001   0.00033   0.00001
2263         0.00001   0.00033   0.00001
2264         0.00001   0.00033   0.00001
2265         0.00001   0.00033   0.00001
2266         0.00001   0.00033   0.00001
2267         0.00001   0.00033   0.00001
2268         0.00002   0.00033   0.00001
2269         0.00002   0.00033   0.00001
2270         0.00002   0.00033   0.00001
2271         0.00002   0.00033   0.00001
2272         0.00002   0.00032   0.00001
2273         0.00003   0.00032   0.00001
2274         0.00003   0.00032   0.00001
2275         0.00003   0.00032   0.00001
2276         0.00003   0.00032   0.00001
2277         0.00003   0.00032   0.00001
2278         0.00004   0.00032   0.00001
2279         0.00004   0.00032   0.00001
2280         0.00004   0.00032   0.00001
2281         0.00004   0.00032   0.00001
2282         0.00004   0.00032   0.00001
2283         0.00003   0.00032   0.00001
2284         0.00003   0.00032   0.00001
2285         0.00003   0.00032   0.00001
2286         0.00003   0.00032   0.00001
2287         0.00003   0.00032   0.00001
2288         0.00003   0.00032   0.00001
2289         0.00003   0.00032   0.00001
2290         0.00003   0.00032   0.00001
2291         0.00003   0.00032   0.00001
2292         0.00003   0.00032   0.00001
2293         0.00003   0.00032   0.00001
2294         0.00003   0.00032   0.00001
2295         0.00003   0.00032   0.00001
2296         0.00003   0.00032   0.00001
2297         0.00003   0.00032   0.00001
2298         0.00003   0.00033   0.00001
2299         0.00003   0.00033   0.00001
2300         0.00003   0.00033   0.00001
2301         0.00003   0.00033   0.00001
2302         0.00003   0.00033   0.00001
2303         0.00003   0.00033   0.00001
2304         0.00004   0.00033   0.00001
2305         0.00006   0.00033   0.00001
2306         0.00007   0.00033   0.00001
2307         0.00008   0.00033   0.00001
2308         0.00009   0.00033   0.00001
2309         0.00010   0.00033   0.00001
2310         0.00011   0.00033   0.00001
2311         0.00012   0.00033   0.00001
2312         0.00014   0.00033   0.00001
2313         0.00015   0.00033   0.00001
2314         0.00016   0.00033   0.00001
2315         0.00017   0.00033   0.00001
2316         0.00018   0.00033   0.00001
2317         0.00019   0.00033   0.00001
2318         0.00021   0.00033   0.00001
2319         0.00022   0.00033   0.00001
2320         0.00023   0.00033   0.00001
2321         0.00024   0.00033   0.00001
2322         0.00025   0.00033   0.00001
2323         0.00026   0.00033   0.00001
2324         0.00025   0.00033   0.00001
2325         0.00024   0.00033   0.00001
2326         0.00023   0.00033   0.00001
2327         0.00022   0.00033   0.00001
2328         0.00021   0.00033   0.00001
2329         0.00020   0.00033   0.00001
2330         0.00019   0.00033   0.00001
2331         0.00018   0.00033   0.00001
2332         0.00017   0.00033   0.00001
2333         0.00017   0.00033   0.00001
2334         0.00016   0.00033   0.00001
2335         0.00015   0.00033   0.00001
2336         0.00014   0.00033   0.00001
2337         0.00013   0.00033   0.00001
2338         0.00012   0.00033   0.00001
2339         0.00011   0.00033   0.00001
2340         0.00010   0.00033   0.00001
2341         0.00009   0.00033   0.00001
2342         0.00008   0.00033   0.00001
2343         0.00007   0.00033   0.00001
2344         0.00006   0.00033   0.00001
2345         0.00006   0.00033   0.00001
2346         0.00005   0.00033   0.00001
2347         0.00004   0.00033   0.00001
2348         0.00003   0.00033   0.00001
2349         0.00003   0.00033   0.00001
2350         0.00003   0.00033   0.00001
2351         0.00003   0.00033   0.00001
2352         0.00003   0.00033   0.00001
2353         0.00003   0.00033   0.00001
2354         0.00003   0.00033   0.00001
2355         0.00003   0.00033   0.00001
2356         0.00003   0.00033   0.00001
2357         0.00003   0.00033   0.00001
2358         0.00003   0.00033   0.00001
2359         0.00003   0.00033   0.00001
2360         0.00003   0.00033   0.00001
2361         0.00003   0.00033   0.00001
2362         0.00004   0.00033   0.00001
2363         0.00005   0.00033   0.00001
2364         0.00006   0.00033   0.00001
2365         0.00007   0.00033   0.00001
2366         0.00007   0.00033   0.00001
2367         0.00008   0.00033   0.00001
2368         0.00009   0.00033   0.00001
2369         0.00010   0.00033   0.00001
2370         0.00010   0.00033   0.00001
2371         0.00011   0.00033   0.00001
2372         0.00012   0.00033   0.00001
2373         0.00013   0.00033   0.00001
2374         0.00013   0.00033   0.00001
2375         0.00014   0.00033   0.00001
2376         0.00015   0.00033   0.00001
2377         0.00016   0.00033   0.00001
2378         0.00017   0.00033   0.00001
2379         0.00017   0.00033   0.00001
2380         0.00018   0.00033   0.00001
2381         0.00019   0.00033   0.00001
2382         0.00020   0.00033   0.00001
2383         0.00020   0.00033   0.00001
2384         0.00021   0.00033   0.00001
2385         0.00022   0.00033   0.00001
2386         0.00023   0.00034   0.00001
2387         0.00024   0.00034   0.00001
2388         0.00024   0.00034   0.00001
2389         0.00025   0.00034   0.00001
2390         0.00026   0.00034   0.00001
2391         0.00027   0.00034   0.00001
2392         0.00027   0.00034   0.00001
2393         0.00028   0.00035   0.00001
2394         0.00028   0.00035   0.00001
2395         0.00027   0.00035   0.00001
2396         0.00027   0.00035   0.00001
2397         0.00026   0.00035   0.00001
2398         0.00026   0.00035   0.00001
2399         0.00026   0.00035   0.00001
2400         0.00025   0.00035   0.00001
2401         0.00025   0.00035   0.00001
2402         0.00024   0.00035   0.00001
2403         0.00024   0.00035   0.00001
2404         0.00024   0.00035   0.00001
2405         0.00023   0.00035   0.00001
2406         0.00023   0.00035   0.00001
2407         0.00022   0.00035   0.00001
2408         0.00022   0.00035   0.00001
2409         0.00022   0.00035   0.00001
2410         0.00021   0.00035   0.00001
2411         0.00021   0.00035   0.00001
2412         0.00022   0.00035   0.00001
2413         0.00022   0.00035   0.00001
2414         0.00022   0.00035   0.00001
2415         0.00023   0.00035   0.00001
2416         0.00023   0.00035   0.00001
2417         0.00024   0.00035   0.00001
2418         0.00024   0.00035   0.00001
2419         0.00025   0.00035   0.00001
2420         0.00025   0.00035   0.00001
2421         0.00026   0.00035   0.00001
2422         0.00027   0.00035   0.00001
2423         0.00030   0.00035   0.00001
2424         0.00034   0.00035   0.00001
2425         0.00037   0.00035   0.00001
2426         0.00040   0.00035   0.00001
2427         0.00043   0.00035   0.00001
2428         0.00046   0.00035   0.00001
2429         0.00049   0.00034   0.00001
2430         0.00052   0.00034   0.00001
2431         0.00056   0.00034   0.00001
2432         0.00059   0.00034   0.00001
2433         0.00067   0.00034   0.00001
2434         0.00079   0.00034   0.00001
2435         0.00091   0.00034   0.00001
2436         0.00103   0.00034   0.00001
2437         0.00114   0.00034   0.00001
2438         0.00126   0.00033   0.00001
2439         0.00138   0.00033   0.00001
2440         0.00153   0.00033   0.00001
2441         0.00172   0.00033   0.00001
2442         0.00190   0.00033   0.00001
2443         0.00209   0.00033   0.00001
2444         0.00228   0.00033   0.00001
2445         0.00247   0.00032   0.00001
2446         0.00266   0.00032   0.00001
2447         0.00284   0.00032   0.00001
2448         0.00303   0.00032   0.00001
2449         0.00307   0.00032   0.00001
2450         0.00292   0.00031   0.00001
2451         0.00276   0.00031   0.00001
2452         0.00261   0.00031   0.00001
2453         0.00245   0.00030   0.00001
2454         0.00230   0.00030   0.00001
2455         0.00214   0.00030   0.00001
2456         0.00199   0.00029   0.00001
2457         0.00183   0.00029   0.00001
2458         0.00170   0.00029   0.00001
2459         0.00161   0.00029   0.00001
2460         0.00152   0.00028   0.00001
2461         0.00143   0.00028   0.00001
2462         0.00137   0.00028   0.00001
2463         0.00132   0.00027   0.00001
2464         0.00127   0.00027   0.00001
2465         0.00123   0.00027   0.00001
2466         0.00121   0.00027   0.00001
2467         0.00119   0.00027   0.00001
2468         0.00118   0.00026   0.00001
2469         0.00116   0.00026   0.00001
2470         0.00114   0.00026   0.00001
2471         0.00115   0.00026   0.00001
2472         0.00117   0.00025   0.00001
2473         0.00119   0.00025   0.00001
2474         0.00120   0.00025   0.00001
2475         0.00122   0.00025   0.00001
2476         0.00126   0.00024   0.00001
2477         0.00131   0.00024   0.00001
2478         0.00137   0.00024   0.00001
2479         0.00143   0.00024   0.00001
2480         0.00149   0.00024   0.00001
2481         0.00155   0.00023   0.00001
2482         0.00161   0.00023   0.00001
2483         0.00169   0.00023   0.00001
2484         0.00188   0.00023   0.00001
2485         0.00207   0.00022   0.00001
2486         0.00226   0.00022   0.00001
2487         0.00245   0.00022   0.00001
2488         0.00263   0.00022   0.00001
2489         0.00282   0.00022   0.00001
2490         0.00301   0.00022   0.00001
2491         0.00320   0.00022   0.00001
2492         0.00339   0.00022   0.00001
2493         0.00357   0.00021   0.00001
2494         0.00383   0.00021   0.00001
2495         0.00417   0.00021   0.00001
2496         0.00451   0.00021   0.00001
2497         0.00485   0.00021   0.00001
2498         0.00519   0.00021   0.00001
2499         0.00552   0.00021   0.00001
2500         0.00586   0.00021   0.00001
2501         0.00613   0.00022   0.00001
2502         0.00620   0.00022   0.00001
2503         0.00626   0.00022   0.00001
2504         0.00632   0.00022   0.00001
2505         0.00638   0.00022   0.00001
2506         0.00644   0.00023   0.00001
2507         0.00650   0.00023   0.00001
2508         0.00657   0.00023   0.00001
2509         0.00663   0.00023   0.00001
2510         0.00669   0.00023   0.00001
2511         0.00675   0.00024   0.00001
2512         0.00681   0.00024   0.00001
2513         0.00687   0.00024   0.00001
2514         0.00694   0.00024   0.00001
2515         0.00700   0.00024   0.00001
2516         0.00706   0.00025   0.00001
2517         0.00712   0.00025   0.00001
2518         0.00718   0.00025   0.00001
2519         0.00724   0.00025   0.00001
2520         0.00731   0.00026   0.00001
2521         0.00737   0.00026   0.00001
2522         0.00743   0.00026   0.00001
2523         0.00749   0.00026   0.00001
2524         0.00755   0.00026   0.00001
2525         0.00761   0.00027   0.00001
2526         0.00768   0.00027   0.00001
2527         0.00774   0.00027   0.00001
2528         0.00780   0.00027   0.00001
2529         0.00786   0.00027   0.00001
2530         0.00792   0.00028   0.00001
2531         0.00798   0.00028   0.00001
2532         0.00805   0.00028   0.00001
2533         0.00811   0.00028   0.00001
2534         0.00817   0.00028   0.00001
2535         0.00823   0.00029   0.00001
2536         0.00829   0.00029   0.00001
2537         0.00835   0.00029   0.00001
2538         0.00842   0.00029   0.00001
2539         0.00848   0.00029   0.00001
2540         0.00854   0.00030   0.00001
2541         0.00860   0.00030   0.00001
2542         0.00866   0.00030   0.00001
2543         0.00872   0.00030   0.00001
2544         0.00879   0.00030   0.00001
2545         0.00885   0.00031   0.00001
2546         0.00891   0.00031   0.00001
2547         0.00897   0.00031   0.00001
2548         0.00903   0.00031   0.00001
2549         0.00909   0.00031   0.00001
2550         0.00916   0.00032   0.00001
2551         0.00922   0.00032   0.00002
2552         0.00928   0.00032   0.00002
2553         0.00934   0.00032   0.00002
2554         0.00940   0.00033   0.00002
2555         0.00946   0.00033   0.00002
2556         0.00953   0.00033   0.00002
2557         0.00959   0.00033   0.00002
2558         0.00965   0.00033   0.00002
2559         0.00971   0.00034   0.00002
2560         0.00977   0.00034   0.00002
2561         0.00983   0.00034   0.00002
2562         0.00990   0.00034   0.00002
2563         0.00996   0.00034   0.00002
2564         0.01002   0.00035   0.00002
2565         0.01008   0.00035   0.00002
2566         0.01014   0.00035   0.00002
2567         0.01020   0.00035   0.00002
2568         0.01027   0.00035   0.00002
2569         0.01033   0.00036   0.00002
2570         0.01039   0.00036   0.00002
2571         0.01045   0.00036   0.00002
2572         0.01051   0.00036   0.00002
2573         0.01057   0.00036   0.00002
2574         0.01064   0.00037   0.00002
2575         0.01070   0.00037   0.00002
2576         0.01076   0.00037   0.00002
2577         0.01082   0.00037   0.00002
2578         0.01088   0.00037   0.00002
2579         0.01094   0.00038   0.00002
2580         0.01101   0.00038   0.00002
2581         0.01107   0.00038   0.00002
2582         0.01113   0.00038   0.00002
2583         0.01119   0.00038   0.00002
2584         0.01125   0.00039   0.00002
2585         0.01131   0.00039   0.00002
2586         0.01138   0.00039   0.00002
2587         0.01144   0.00039   0.00002
2588         0.01150   0.00040   0.00002
2589         0.01156   0.00040   0.00002
2590         0.01162   0.00040   0.00002
2591         0.01168   0.00040   0.00002
2592         0.01175   0.00040   0.00002
2593         0.01181   0.00041   0.00002
2594         0.01187   0.00041   0.00002
2595         0.01193   0.00041   0.00002
2596         0.01199   0.00041   0.00002
2597         0.01205   0.00041   0.00002
2598         0.01212   0.00042   0.00002
2599         0.01218   0.00042   0.00002
2600         0.01224   0.00042   0.00002
