# Binned ver. of transmit/cptrans_zm_23_10.dat
# lambda(nm)       SkyT
     600     1.00000000
     601     1.00000000
     602     1.00000000
     603     1.00000000
     604     1.00000000
     605     1.00000000
     606     1.00000000
     607     1.00000000
     608     1.00000000
     609     1.00000000
     610     1.00000000
     611     1.00000000
     612     1.00000000
     613     1.00000000
     614     1.00000000
     615     1.00000000
     616     1.00000000
     617     1.00000000
     618     1.00000000
     619     1.00000000
     620     1.00000000
     621     1.00000000
     622     1.00000000
     623     1.00000000
     624     1.00000000
     625     1.00000000
     626     1.00000000
     627     1.00000000
     628     1.00000000
     629     1.00000000
     630     1.00000000
     631     1.00000000
     632     1.00000000
     633     1.00000000
     634     1.00000000
     635     1.00000000
     636     1.00000000
     637     1.00000000
     638     1.00000000
     639     1.00000000
     640     1.00000000
     641     1.00000000
     642     1.00000000
     643     1.00000000
     644     1.00000000
     645     1.00000000
     646     1.00000000
     647     1.00000000
     648     1.00000000
     649     1.00000000
     650     1.00000000
     651     1.00000000
     652     1.00000000
     653     1.00000000
     654     1.00000000
     655     1.00000000
     656     1.00000000
     657     1.00000000
     658     1.00000000
     659     1.00000000
     660     1.00000000
     661     1.00000000
     662     1.00000000
     663     1.00000000
     664     1.00000000
     665     1.00000000
     666     1.00000000
     667     1.00000000
     668     1.00000000
     669     1.00000000
     670     1.00000000
     671     1.00000000
     672     1.00000000
     673     1.00000000
     674     1.00000000
     675     1.00000000
     676     1.00000000
     677     1.00000000
     678     1.00000000
     679     1.00000000
     680     1.00000000
     681     1.00000000
     682     1.00000000
     683     1.00000000
     684     1.00000000
     685     1.00000000
     686     1.00000000
     687     1.00000000
     688     1.00000000
     689     1.00000000
     690     1.00000000
     691     1.00000000
     692     1.00000000
     693     1.00000000
     694     1.00000000
     695     1.00000000
     696     1.00000000
     697     1.00000000
     698     1.00000000
     699     1.00000000
     700     1.00000000
     701     1.00000000
     702     1.00000000
     703     1.00000000
     704     1.00000000
     705     1.00000000
     706     1.00000000
     707     1.00000000
     708     1.00000000
     709     1.00000000
     710     1.00000000
     711     1.00000000
     712     1.00000000
     713     1.00000000
     714     1.00000000
     715     1.00000000
     716     1.00000000
     717     1.00000000
     718     1.00000000
     719     1.00000000
     720     1.00000000
     721     1.00000000
     722     1.00000000
     723     1.00000000
     724     1.00000000
     725     1.00000000
     726     1.00000000
     727     1.00000000
     728     1.00000000
     729     1.00000000
     730     1.00000000
     731     1.00000000
     732     1.00000000
     733     1.00000000
     734     1.00000000
     735     1.00000000
     736     1.00000000
     737     1.00000000
     738     1.00000000
     739     1.00000000
     740     1.00000000
     741     1.00000000
     742     1.00000000
     743     1.00000000
     744     1.00000000
     745     1.00000000
     746     1.00000000
     747     1.00000000
     748     1.00000000
     749     1.00000000
     750     1.00000000
     751     1.00000000
     752     1.00000000
     753     1.00000000
     754     1.00000000
     755     1.00000000
     756     1.00000000
     757     1.00000000
     758     1.00000000
     759     1.00000000
     760     1.00000000
     761     1.00000000
     762     1.00000000
     763     1.00000000
     764     1.00000000
     765     1.00000000
     766     1.00000000
     767     1.00000000
     768     1.00000000
     769     1.00000000
     770     1.00000000
     771     1.00000000
     772     1.00000000
     773     1.00000000
     774     1.00000000
     775     1.00000000
     776     1.00000000
     777     1.00000000
     778     1.00000000
     779     1.00000000
     780     1.00000000
     781     1.00000000
     782     1.00000000
     783     1.00000000
     784     1.00000000
     785     1.00000000
     786     1.00000000
     787     1.00000000
     788     1.00000000
     789     1.00000000
     790     1.00000000
     791     1.00000000
     792     1.00000000
     793     1.00000000
     794     1.00000000
     795     1.00000000
     796     1.00000000
     797     1.00000000
     798     1.00000000
     799     1.00000000
     800     1.00000000
     801     1.00000000
     802     1.00000000
     803     1.00000000
     804     1.00000000
     805     1.00000000
     806     1.00000000
     807     1.00000000
     808     1.00000000
     809     1.00000000
     810     1.00000000
     811     1.00000000
     812     1.00000000
     813     1.00000000
     814     1.00000000
     815     1.00000000
     816     1.00000000
     817     1.00000000
     818     1.00000000
     819     1.00000000
     820     1.00000000
     821     1.00000000
     822     1.00000000
     823     1.00000000
     824     1.00000000
     825     1.00000000
     826     1.00000000
     827     1.00000000
     828     1.00000000
     829     1.00000000
     830     1.00000000
     831     1.00000000
     832     1.00000000
     833     1.00000000
     834     1.00000000
     835     1.00000000
     836     1.00000000
     837     1.00000000
     838     1.00000000
     839     1.00000000
     840     1.00000000
     841     1.00000000
     842     1.00000000
     843     1.00000000
     844     1.00000000
     845     1.00000000
     846     1.00000000
     847     1.00000000
     848     1.00000000
     849     1.00000000
     850     0.99992630
     851     0.99988390
     852     0.99987720
     853     0.99987000
     854     0.99987000
     855     0.99987000
     856     0.99987830
     857     0.99988500
     858     0.99989440
     859     0.99990380
     860     0.99991590
     861     0.99992520
     862     0.99993460
     863     0.99994400
     864     0.99995340
     865     0.99996000
     866     0.99996750
     867     0.99997000
     868     0.99997000
     869     0.99997000
     870     0.99997000
     871     0.99996030
     872     0.99994980
     873     0.99993100
     874     0.99990430
     875     0.99986620
     876     0.99981410
     877     0.99974240
     878     0.99965620
     879     0.99953680
     880     0.99938170
     881     0.99918040
     882     0.99891210
     883     0.99856160
     884     0.99810420
     885     0.99752160
     886     0.99677680
     887     0.99585140
     888     0.99470390
     889     0.99334050
     890     0.99172710
     891     0.98986930
     892     0.98774740
     893     0.98539550
     894     0.98283790
     895     0.98009170
     896     0.97717590
     897     0.97411810
     898     0.97100190
     899     0.96784850
     900     0.93899274
     901     0.93428636
     902     0.95034070
     903     0.98710996
     904     0.98570822
     905     0.98562888
     906     0.97786058
     907     0.92973308
     908     0.93673028
     909     0.97427864
     910     0.94185104
     911     0.98106482
     912     0.96125410
     913     0.90893234
     914     0.98596460
     915     0.92084944
     916     0.98436700
     917     0.93824268
     918     0.97177782
     919     0.97452272
     920     0.99326782
     921     0.97754838
     922     0.98834324
     923     0.98593206
     924     0.97533312
     925     0.98638632
     926     0.98383326
     927     0.98348832
     928     0.93901714
     929     0.94079930
     930     0.90119446
     931     0.77455392
     932     0.78974270
     933     0.77648936
     934     0.64258320
     935     0.80819766
     936     0.73029186
     937     0.77471184
     938     0.71975354
     939     0.94954336
     940     0.89886952
     941     0.89135962
     942     0.82996668
     943     0.83895890
     944     0.68371755
     945     0.84251924
     946     0.82619976
     947     0.85640158
     948     0.82400588
     949     0.84621932
     950     0.78101566
     951     0.89914244
     952     0.81618396
     953     0.87510682
     954     0.83763740
     955     0.86287000
     956     0.83503572
     957     0.93079362
     958     0.88643612
     959     0.83514016
     960     0.89690688
     961     0.94061098
     962     0.88320666
     963     0.94716220
     964     0.88536364
     965     0.96911794
     966     0.92272858
     967     0.96949524
     968     0.96524008
     969     0.98794108
     970     0.97361356
     971     0.97228058
     972     0.97839732
     973     0.95773956
     974     0.96579158
     975     0.95798650
     976     0.95084000
     977     0.98566156
     978     0.97096416
     979     0.97091532
     980     0.97486216
     981     0.99225792
     982     0.98203848
     983     0.99373726
     984     0.99391138
     985     0.99293280
     986     0.99899650
     987     0.99546118
     988     0.99928288
     989     0.99890990
     990     0.99814360
     991     0.99928488
     992     0.99837036
     993     0.99932938
     994     0.99983172
     995     0.99958516
     996     0.99988114
     997     0.99955596
     998     0.99971744
     999     0.99954760
    1000     0.99964238
    1001     0.99846998
    1002     0.99881058
    1003     0.99973238
    1004     0.99940226
    1005     0.99942994
    1006     0.99974504
    1007     0.99974912
    1008     0.99907324
    1009     0.99835798
    1010     0.99941674
    1011     0.99973146
    1012     0.99947338
    1013     0.99986442
    1014     0.99966958
    1015     0.99963164
    1016     0.99982214
    1017     0.99977350
    1018     0.99996610
    1019     0.99918598
    1020     0.99986046
    1021     0.99969392
    1022     0.99963870
    1023     0.99917288
    1024     0.99967394
    1025     0.99982454
    1026     0.99990030
    1027     0.99949314
    1028     0.99977514
    1029     0.99995488
    1030     0.99994628
    1031     0.99988600
    1032     1.00000000
    1033     0.99996400
    1034     1.00000000
    1035     0.99999460
    1036     0.99992064
    1037     0.99991326
    1038     0.99998942
    1039     0.99996162
    1040     0.99997428
    1041     1.00000000
    1042     1.00000000
    1043     1.00000000
    1044     1.00000000
    1045     1.00000000
    1046     1.00000000
    1047     1.00000000
    1048     1.00000000
    1049     0.99952524
    1050     0.99990418
    1051     0.99987176
    1052     0.99986160
    1053     0.99992952
    1054     0.99997020
    1055     0.99999696
    1056     0.99999578
    1057     0.99999084
    1058     0.99996964
    1059     0.99997434
    1060     0.99996610
    1061     0.99994978
    1062     0.99969502
    1063     0.99966836
    1064     0.99931680
    1065     0.99934280
    1066     0.99975370
    1067     0.99874132
    1068     0.99909096
    1069     0.99898562
    1070     0.99930338
    1071     0.99949430
    1072     0.99862834
    1073     0.99984068
    1074     0.99672458
    1075     0.99984994
    1076     0.99958720
    1077     0.99553482
    1078     0.99908410
    1079     0.99918906
    1080     0.99456748
    1081     0.99612640
    1082     0.99967882
    1083     0.99340144
    1084     0.99699470
    1085     0.99827278
    1086     0.98445120
    1087     0.99562458
    1088     0.99812620
    1089     0.99368574
    1090     0.98822322
    1091     0.99934874
    1092     0.97815488
    1093     0.99548714
    1094     0.98722656
    1095     0.98918382
    1096     0.98958460
    1097     0.98737574
    1098     0.98577342
    1099     0.96912536
    1100     0.98515978
    1101     0.97623120
    1102     0.97209476
    1103     0.97610074
    1104     0.95940896
    1105     0.97634718
    1106     0.95163046
    1107     0.98420692
    1108     0.93501512
    1109     0.96712366
    1110     0.93102938
    1111     0.92459878
    1112     0.94585212
    1113     0.79896672
    1114     0.95820176
    1115     0.78633476
    1116     0.63434324
    1117     0.80421842
    1118     0.77608462
    1119     0.72258586
    1120     0.75032356
    1121     0.75122556
    1122     0.50305444
    1123     0.67985923
    1124     0.88775084
    1125     0.53497728
    1126     0.75385103
    1127     0.67232838
    1128     0.78308968
    1129     0.66113962
    1130     0.82941344
    1131     0.92700886
    1132     0.85117640
    1133     0.66909070
    1134     0.32458252
    1135     0.70426490
    1136     0.76844039
    1137     0.87166122
    1138     0.83127593
    1139     0.90537732
    1140     0.80687649
    1141     0.85860396
    1142     0.87256034
    1143     0.87508826
    1144     0.70765313
    1145     0.74176016
    1146     0.74739173
    1147     0.68507422
    1148     0.84636956
    1149     0.77203415
    1150     0.84270576
    1151     0.88011364
    1152     0.69025946
    1153     0.90600816
    1154     0.81647186
    1155     0.83446414
    1156     0.93152312
    1157     0.86364592
    1158     0.92672050
    1159     0.91879788
    1160     0.89097802
    1161     0.95480312
    1162     0.93827510
    1163     0.96283692
    1164     0.97889940
    1165     0.93092584
    1166     0.96258750
    1167     0.97140042
    1168     0.97388870
    1169     0.98119912
    1170     0.97787452
    1171     0.97703224
    1172     0.97468386
    1173     0.95672582
    1174     0.95800516
    1175     0.97364602
    1176     0.99685716
    1177     0.94143142
    1178     0.98170296
    1179     0.96672102
    1180     0.99097244
    1181     0.93484612
    1182     0.95437256
    1183     0.99064640
    1184     0.95370014
    1185     0.97506102
    1186     0.98582204
    1187     0.96043920
    1188     0.95252536
    1189     0.98242108
    1190     0.97958800
    1191     0.98301784
    1192     0.99506592
    1193     0.97494188
    1194     0.99313870
    1195     0.97675192
    1196     0.98913468
    1197     0.97948062
    1198     0.97411266
    1199     0.97612048
    1200     0.98028384
    1201     0.96900254
    1202     0.99401634
    1203     0.93706106
    1204     0.98002580
    1205     0.97505392
    1206     0.98626492
    1207     0.97858046
    1208     0.98003442
    1209     0.97057614
    1210     0.99492178
    1211     0.97215140
    1212     0.98723952
    1213     0.99231242
    1214     0.97775014
    1215     0.99178054
    1216     0.98881720
    1217     0.99524600
    1218     0.98843330
    1219     0.98589260
    1220     0.99346240
    1221     0.98535390
    1222     0.99009098
    1223     0.98913500
    1224     0.99452656
    1225     0.99468946
    1226     0.99517664
    1227     0.99017954
    1228     0.99750494
    1229     0.99670624
    1230     0.99798954
    1231     0.99864796
    1232     0.99818548
    1233     0.99717484
    1234     0.99960954
    1235     0.99925288
    1236     0.99890850
    1237     0.99972660
    1238     0.99960538
    1239     0.99997030
    1240     0.99949404
    1241     0.99972122
    1242     0.99998130
    1243     0.99994420
    1244     0.99981730
    1245     0.99985112
    1246     0.99961648
    1247     1.00000000
    1248     0.99892448
    1249     0.99828026
    1250     0.99995698
    1251     0.99673630
    1252     0.99477752
    1253     0.99999144
    1254     0.99180356
    1255     0.98889204
    1256     0.99991270
    1257     0.98562736
    1258     0.99808306
    1259     0.97666374
    1260     0.96762164
    1261     0.97072614
    1262     0.93702994
    1263     0.95939314
    1264     0.91281568
    1265     0.94517354
    1266     0.91349818
    1267     0.96127224
    1268     0.78267920
    1269     0.87510832
    1270     0.96747424
    1271     0.96860202
    1272     0.96341980
    1273     0.96797678
    1274     0.96549664
    1275     0.98184756
    1276     0.97707300
    1277     0.98439366
    1278     0.98335002
    1279     0.99264264
    1280     0.99042656
    1281     0.99825576
    1282     0.99437608
    1283     0.99886614
    1284     0.99476500
    1285     0.99956644
    1286     0.99711946
    1287     0.99881334
    1288     0.99366628
    1289     0.99816954
    1290     0.99781118
    1291     0.99334416
    1292     0.99617252
    1293     0.99741608
    1294     0.99714148
    1295     0.99171498
    1296     0.99442582
    1297     0.98663362
    1298     0.99831184
    1299     0.98668970
    1300     0.98433250
    1301     0.98962324
    1302     0.98521472
    1303     0.97801826
    1304     0.96094738
    1305     0.99214216
    1306     0.96511674
    1307     0.98891210
    1308     0.96791620
    1309     0.95348348
    1310     0.96170144
    1311     0.99633532
    1312     0.95751108
    1313     0.92989462
    1314     0.95859034
    1315     0.96395036
    1316     0.96926506
    1317     0.97618334
    1318     0.93493988
    1319     0.96759594
    1320     0.91235398
    1321     0.94325994
    1322     0.94357764
    1323     0.94979642
    1324     0.94052132
    1325     0.94363964
    1326     0.96375898
    1327     0.93240640
    1328     0.87391184
    1329     0.92679068
    1330     0.89008046
    1331     0.82332032
    1332     0.84739550
    1333     0.86095576
    1334     0.89223976
    1335     0.92020090
    1336     0.89247528
    1337     0.83472010
    1338     0.89383354
    1339     0.92785628
    1340     0.79123300
    1341     0.86789012
    1342     0.90809508
    1343     0.87664042
    1344     0.62095032
    1345     0.80855702
    1346     0.75307204
    1347     0.60561103
    1348     0.44610340
    1349     0.72445968
    1350     0.38704249
    1351     0.46711156
    1352     0.47283319
    1353     0.28800446
    1354     0.13180377
    1355     0.15900604
    1356     0.39152850
    1357     0.10671806
    1358     0.18805401
    1359     0.11774672
    1360     0.15556432
    1361     0.01548023
    1362     0.01632216
    1363     0.32845049
    1364     0.02491892
    1365     0.10592562
    1366     0.32699308
    1367     0.08339438
    1368     0.03379438
    1369     0.19921565
    1370     0.09820880
    1371     0.13688078
    1372     0.23977432
    1373     0.33499349
    1374     0.25512125
    1375     0.44176469
    1376     0.30771608
    1377     0.49705175
    1378     0.20245848
    1379     0.47774143
    1380     0.02976708
    1381     0.20346762
    1382     0.03991014
    1383     0.07206610
    1384     0.23010188
    1385     0.10276434
    1386     0.33638525
    1387     0.30918413
    1388     0.23390311
    1389     0.47536119
    1390     0.43235509
    1391     0.48841938
    1392     0.03990078
    1393     0.42578676
    1394     0.25287586
    1395     0.03519748
    1396     0.10717416
    1397     0.51535313
    1398     0.55529501
    1399     0.19636441
    1400     0.03607707
    1401     0.10890039
    1402     0.63680984
    1403     0.46364274
    1404     0.10595024
    1405     0.29052538
    1406     0.44210528
    1407     0.20945224
    1408     0.48453140
    1409     0.07919940
    1410     0.50837720
    1411     0.47206544
    1412     0.47049006
    1413     0.56250678
    1414     0.10407635
    1415     0.44673945
    1416     0.70642298
    1417     0.56292196
    1418     0.47149232
    1419     0.23852036
    1420     0.49391455
    1421     0.64474153
    1422     0.67274222
    1423     0.35411925
    1424     0.66311361
    1425     0.47779887
    1426     0.79711000
    1427     0.52680231
    1428     0.43298441
    1429     0.65936936
    1430     0.86429486
    1431     0.33990470
    1432     0.34984342
    1433     0.72214706
    1434     0.48531868
    1435     0.72919364
    1436     0.61821327
    1437     0.31193321
    1438     0.75739884
    1439     0.53979769
    1440     0.72067492
    1441     0.60418579
    1442     0.61292517
    1443     0.80636374
    1444     0.73631017
    1445     0.34375103
    1446     0.71291586
    1447     0.77633268
    1448     0.79065644
    1449     0.82369698
    1450     0.37288842
    1451     0.67702495
    1452     0.70143455
    1453     0.88749724
    1454     0.87080648
    1455     0.66143106
    1456     0.88132646
    1457     0.79939020
    1458     0.94694492
    1459     0.91904430
    1460     0.74195912
    1461     0.78934676
    1462     0.89236326
    1463     0.68208043
    1464     0.96313562
    1465     0.66317037
    1466     0.64512103
    1467     0.66239911
    1468     0.93078590
    1469     0.63995301
    1470     0.60951568
    1471     0.68525974
    1472     0.62079182
    1473     0.70923228
    1474     0.95186738
    1475     0.78541901
    1476     0.84694534
    1477     0.65855734
    1478     0.84782686
    1479     0.80569503
    1480     0.63728568
    1481     0.77263241
    1482     0.85425756
    1483     0.92208258
    1484     0.81138518
    1485     0.88883146
    1486     0.76456075
    1487     0.81110208
    1488     0.90229838
    1489     0.86657988
    1490     0.98585462
    1491     0.85394660
    1492     0.91835082
    1493     0.97265478
    1494     0.92424638
    1495     0.90097950
    1496     0.91332696
    1497     0.97799324
    1498     0.93861586
    1499     0.95322118
    1500     0.98999606
    1501     0.96683106
    1502     0.97021040
    1503     0.92792354
    1504     0.91301132
    1505     0.98330598
    1506     0.99866184
    1507     0.98322270
    1508     0.93208568
    1509     0.97711968
    1510     0.98666532
    1511     0.99196206
    1512     0.97804600
    1513     0.97684340
    1514     0.98095666
    1515     0.99788914
    1516     0.97628622
    1517     0.98348656
    1518     0.98770678
    1519     0.98674478
    1520     0.99264024
    1521     0.99391636
    1522     0.99961238
    1523     0.99726098
    1524     0.99330804
    1525     0.99233230
    1526     0.99247848
    1527     0.99444986
    1528     0.99557356
    1529     0.99654298
    1530     0.99658358
    1531     0.99317456
    1532     0.99659770
    1533     0.99419738
    1534     0.99220620
    1535     0.99050776
    1536     0.99422542
    1537     0.99682128
    1538     0.99691298
    1539     0.99475486
    1540     0.99322986
    1541     0.99520336
    1542     0.99436208
    1543     0.99808496
    1544     0.99715266
    1545     0.99874760
    1546     0.99908510
    1547     0.99954198
    1548     0.99990678
    1549     0.99981728
    1550     0.99989874
    1551     0.99960868
    1552     0.99904912
    1553     0.99991722
    1554     0.99959528
    1555     0.99993936
    1556     0.99967434
    1557     0.99993410
    1558     0.99961656
    1559     0.99978846
    1560     0.99970710
    1561     0.99991340
    1562     0.99909386
    1563     0.99974928
    1564     0.99943586
    1565     0.99965678
    1566     0.99941658
    1567     0.99784088
    1568     0.99287444
    1569     0.97925178
    1570     0.95836368
    1571     0.94601084
    1572     0.93347394
    1573     0.95152248
    1574     0.96634484
    1575     0.99028080
    1576     0.96206836
    1577     0.96271452
    1578     0.96196274
    1579     0.96494326
    1580     0.96688950
    1581     0.97723826
    1582     0.98779212
    1583     0.99252168
    1584     0.99464820
    1585     0.99711638
    1586     0.99795938
    1587     0.99875888
    1588     0.99974970
    1589     0.99975148
    1590     0.99945684
    1591     0.99938714
    1592     0.99941932
    1593     0.99980960
    1594     0.99905462
    1595     0.99967234
    1596     0.99879898
    1597     0.99739624
    1598     0.99361968
    1599     0.98117192
    1600     0.95784786
    1601     0.94776120
    1602     0.93821084
    1603     0.94273442
    1604     0.97047482
    1605     0.98898732
    1606     0.97199160
    1607     0.96537960
    1608     0.96037266
    1609     0.96069782
    1610     0.96404636
    1611     0.97226808
    1612     0.98073652
    1613     0.98666404
    1614     0.99177122
    1615     0.99448570
    1616     0.99545752
    1617     0.99757562
    1618     0.99723878
    1619     0.99854862
    1620     0.99883826
    1621     0.99873418
    1622     0.99906238
    1623     0.99866330
    1624     0.99921010
    1625     0.99851112
    1626     0.99888766
    1627     0.99828472
    1628     0.99704626
    1629     0.99891656
    1630     0.99514576
    1631     0.99858104
    1632     0.99552732
    1633     0.99560104
    1634     0.99808418
    1635     0.99116298
    1636     0.99736696
    1637     0.98585314
    1638     0.99714804
    1639     0.99488986
    1640     0.97798078
    1641     0.99177072
    1642     0.97415348
    1643     0.99042292
    1644     0.99597288
    1645     0.97031168
    1646     0.99703738
    1647     0.99318468
    1648     0.97300254
    1649     0.99204582
    1650     0.97362426
    1651     0.99164266
    1652     0.99574390
    1653     0.97746388
    1654     0.99811282
    1655     0.99552346
    1656     0.98894456
    1657     0.99748874
    1658     0.99877942
    1659     0.99440438
    1660     0.99955360
    1661     0.99742800
    1662     0.99356288
    1663     0.99797098
    1664     0.99908352
    1665     0.93004410
    1666     0.96488328
    1667     0.99153498
    1668     0.99551610
    1669     0.99818320
    1670     0.99796446
    1671     0.99546208
    1672     0.99934128
    1673     0.99879972
    1674     0.98978986
    1675     0.99804644
    1676     0.99881614
    1677     0.98608916
    1678     0.99847212
    1679     0.99913478
    1680     0.99002494
    1681     0.99832226
    1682     0.99950606
    1683     0.99723230
    1684     0.98360872
    1685     0.99863786
    1686     0.99920498
    1687     0.98799588
    1688     0.99864626
    1689     0.99788054
    1690     0.98467600
    1691     0.99468712
    1692     0.99621990
    1693     0.99562666
    1694     0.99289342
    1695     0.99896184
    1696     0.99316330
    1697     0.98439892
    1698     0.99768642
    1699     0.99412816
    1700     0.98833074
    1701     0.99532758
    1702     0.99254716
    1703     0.99263700
    1704     0.99595872
    1705     0.99059640
    1706     0.98604158
    1707     0.98869056
    1708     0.96820934
    1709     0.99550870
    1710     0.99133162
    1711     0.99788300
    1712     0.99622354
    1713     0.99270508
    1714     0.97272092
    1715     0.99680334
    1716     0.98351228
    1717     0.99783436
    1718     0.99784662
    1719     0.99876052
    1720     0.99457870
    1721     0.95359422
    1722     0.99161618
    1723     0.97115580
    1724     0.96389082
    1725     0.99478864
    1726     0.98705190
    1727     0.99208226
    1728     0.97645148
    1729     0.99640072
    1730     0.99273512
    1731     0.98779786
    1732     0.92404110
    1733     0.99723746
    1734     0.99620646
    1735     0.97635078
    1736     0.94672802
    1737     0.99655874
    1738     0.99459330
    1739     0.97361946
    1740     0.99316008
    1741     0.92391414
    1742     0.99675762
    1743     0.99760546
    1744     0.95129808
    1745     0.99760116
    1746     0.91667888
    1747     0.91014518
    1748     0.99770476
    1749     0.99569668
    1750     0.99538476
    1751     0.92509920
    1752     0.99376502
    1753     0.99820556
    1754     0.99439256
    1755     0.91949658
    1756     0.94298618
    1757     0.92430870
    1758     0.99750950
    1759     0.99904626
    1760     0.98925536
    1761     0.95306620
    1762     0.95572580
    1763     0.95322478
    1764     0.99439508
    1765     0.78160985
    1766     0.93054236
    1767     0.98975460
    1768     0.98368654
    1769     0.95225456
    1770     0.92429268
    1771     0.99134024
    1772     0.98499550
    1773     0.96149514
    1774     0.88755516
    1775     0.95407858
    1776     0.86667204
    1777     0.97294290
    1778     0.80492451
    1779     0.94191738
    1780     0.97854046
    1781     0.76977409
    1782     0.98557950
    1783     0.96990706
    1784     0.66831766
    1785     0.82899226
    1786     0.91577988
    1787     0.84038601
    1788     0.92534000
    1789     0.99106866
    1790     0.81097352
    1791     0.86841524
    1792     0.78942754
    1793     0.68331943
    1794     0.89988964
    1795     0.82433228
    1796     0.72154180
    1797     0.86926407
    1798     0.83487269
    1799     0.74197277
    1800     0.51497367
    1801     0.44730304
    1802     0.48439795
    1803     0.65745878
    1804     0.84667794
    1805     0.68398056
    1806     0.33930641
    1807     0.55145456
    1808     0.80244038
    1809     0.74119846
    1810     0.44087969
    1811     0.48711822
    1812     0.26089954
    1813     0.55069251
    1814     0.78798111
    1815     0.22462602
    1816     0.49395967
    1817     0.64299808
    1818     0.34142690
    1819     0.57489944
    1820     0.03014432
    1821     0.21628569
    1822     0.13229911
    1823     0.79992292
    1824     0.70490879
    1825     0.49539538
    1826     0.07236691
    1827     0.50378798
    1828     0.10436915
    1829     0.26859367
    1830     0.16347007
    1831     0.16358606
    1832     0.21227902
    1833     0.43274493
    1834     0.15987035
    1835     0.05038067
    1836     0.03512261
    1837     0.04079455
    1838     0.13071296
    1839     0.13790886
    1840     0.06960786
    1841     0.05726895
    1842     0.04049073
    1843     0.27160190
    1844     0.46413406
    1845     0.48077483
    1846     0.08671152
    1847     0.00341431
    1848     0.00480748
    1849     0.21507201
    1850     0.07716050
    1851     0.45511513
    1852     0.28599119
    1853     0.01218183
    1854     0.07029963
    1855     0.34245094
    1856     0.06184634
    1857     0.09880682
    1858     0.40338556
    1859     0.06060177
    1860     0.00209048
    1861     0.37140273
    1862     0.45119286
    1863     0.37193028
    1864     0.07210967
    1865     0.37416467
    1866     0.52978178
    1867     0.02627234
    1868     0.05861828
    1869     0.04808252
    1870     0.00961584
    1871     0.00221680
    1872     0.08381016
    1873     0.00020404
    1874     0.08243573
    1875     0.05531074
    1876     0.06399173
    1877     0.11190615
    1878     0.36100415
    1879     0.50233885
    1880     0.30180324
    1881     0.18208844
    1882     0.59963237
    1883     0.33385970
    1884     0.13509895
    1885     0.34192845
    1886     0.36801723
    1887     0.52523668
    1888     0.71293354
    1889     0.36095401
    1890     0.07679801
    1891     0.32007517
    1892     0.10170847
    1893     0.14447106
    1894     0.35061614
    1895     0.70079852
    1896     0.50486402
    1897     0.25404533
    1898     0.13906227
    1899     0.00443176
    1900     0.01251147
    1901     0.30830395
    1902     0.18478850
    1903     0.14564382
    1904     0.23024186
    1905     0.00531861
    1906     0.01913122
    1907     0.30437829
    1908     0.43636032
    1909     0.43920419
    1910     0.26547538
    1911     0.09030762
    1912     0.21792897
    1913     0.03669858
    1914     0.06753778
    1915     0.46699240
    1916     0.05346162
    1917     0.54787484
    1918     0.73642956
    1919     0.20073184
    1920     0.00868013
    1921     0.21573951
    1922     0.68335308
    1923     0.50692645
    1924     0.13464763
    1925     0.79690372
    1926     0.42250054
    1927     0.20623595
    1928     0.21992465
    1929     0.66766242
    1930     0.21904890
    1931     0.24759277
    1932     0.56850052
    1933     0.58362158
    1934     0.45517217
    1935     0.75928874
    1936     0.40361932
    1937     0.58576326
    1938     0.47410921
    1939     0.14005222
    1940     0.62746296
    1941     0.38189620
    1942     0.85369244
    1943     0.62724445
    1944     0.43322018
    1945     0.68187830
    1946     0.72727674
    1947     0.57987535
    1948     0.55683987
    1949     0.58507513
    1950     0.61278316
    1951     0.76816820
    1952     0.62550946
    1953     0.47253768
    1954     0.46561488
    1955     0.42368895
    1956     0.41142002
    1957     0.43966189
    1958     0.45637279
    1959     0.51891049
    1960     0.68359166
    1961     0.72550003
    1962     0.54705602
    1963     0.55210403
    1964     0.58342436
    1965     0.63470881
    1966     0.69116946
    1967     0.71370439
    1968     0.69598227
    1969     0.81606344
    1970     0.75609131
    1971     0.70196329
    1972     0.82257662
    1973     0.83108362
    1974     0.80096634
    1975     0.89042580
    1976     0.92442542
    1977     0.94393702
    1978     0.95726260
    1979     0.78009337
    1980     0.81684822
    1981     0.98149560
    1982     0.96872616
    1983     0.95557526
    1984     0.98765108
    1985     0.93458534
    1986     0.89918194
    1987     0.87307366
    1988     0.98600682
    1989     0.95528240
    1990     0.81972184
    1991     0.98568168
    1992     0.98910906
    1993     0.98494976
    1994     0.89686494
    1995     0.91793190
    1996     0.86175482
    1997     0.80239422
    1998     0.66394617
    1999     0.58139319
    2000     0.55116986
    2001     0.41202082
    2002     0.33037762
    2003     0.36703374
    2004     0.36395850
    2005     0.31634084
    2006     0.35989525
    2007     0.50149671
    2008     0.60187969
    2009     0.68852352
    2010     0.41018107
    2011     0.53679421
    2012     0.38309824
    2013     0.51631948
    2014     0.50706865
    2015     0.43589857
    2016     0.55692071
    2017     0.58274137
    2018     0.50061109
    2019     0.65881540
    2020     0.69523831
    2021     0.74785975
    2022     0.76687851
    2023     0.73131057
    2024     0.85349508
    2025     0.88390098
    2026     0.90678320
    2027     0.92247234
    2028     0.90020480
    2029     0.95640462
    2030     0.95249442
    2031     0.96666980
    2032     0.96754568
    2033     0.94790792
    2034     0.96752424
    2035     0.96866112
    2036     0.96729170
    2037     0.96781958
    2038     0.95975806
    2039     0.95790482
    2040     0.92841728
    2041     0.95541202
    2042     0.94390174
    2043     0.94287720
    2044     0.95287018
    2045     0.95269800
    2046     0.94046968
    2047     0.90960742
    2048     0.84937150
    2049     0.81513870
    2050     0.77378511
    2051     0.79126197
    2052     0.69949651
    2053     0.65369047
    2054     0.67466166
    2055     0.72774397
    2056     0.62533787
    2057     0.76340542
    2058     0.71753512
    2059     0.84486520
    2060     0.89900600
    2061     0.81997404
    2062     0.78001783
    2063     0.71366761
    2064     0.79435368
    2065     0.66891768
    2066     0.79707980
    2067     0.78637093
    2068     0.73109284
    2069     0.83667829
    2070     0.83814889
    2071     0.79091058
    2072     0.88202874
    2073     0.87795988
    2074     0.89855358
    2075     0.87655024
    2076     0.92985738
    2077     0.92647774
    2078     0.95424896
    2079     0.97481716
    2080     0.97180150
    2081     0.96683494
    2082     0.95707916
    2083     0.95643720
    2084     0.93930840
    2085     0.96597650
    2086     0.95976778
    2087     0.96624728
    2088     0.97521324
    2089     0.97308802
    2090     0.96525740
    2091     0.98104048
    2092     0.98084654
    2093     0.96968246
    2094     0.98359432
    2095     0.98839226
    2096     0.98969062
    2097     0.98906190
    2098     0.96774822
    2099     0.98898098
    2100     0.98603390
    2101     0.96574396
    2102     0.99279220
    2103     0.99154212
    2104     0.99247760
    2105     0.99156456
    2106     0.99092906
    2107     0.99118498
    2108     0.98801862
    2109     0.98535534
    2110     0.99006218
    2111     0.97882604
    2112     0.98926954
    2113     0.99490224
    2114     0.99297942
    2115     0.99296290
    2116     0.99155566
    2117     0.99261116
    2118     0.97208300
    2119     0.98969690
    2120     0.98912824
    2121     0.99336464
    2122     0.99567146
    2123     0.99631678
    2124     0.98104816
    2125     0.99650436
    2126     0.99679172
    2127     0.97372024
    2128     0.99654014
    2129     0.99800854
    2130     0.99766412
    2131     0.99803654
    2132     0.99813960
    2133     0.99823284
    2134     0.99840464
    2135     0.99327650
    2136     0.99717836
    2137     0.99843360
    2138     0.99803056
    2139     0.99763828
    2140     0.99833950
    2141     0.99832122
    2142     0.99687264
    2143     0.99763278
    2144     0.99756470
    2145     0.99768460
    2146     0.99770464
    2147     0.99601460
    2148     0.99318308
    2149     0.99118732
    2150     0.99450440
    2151     0.97427100
    2152     0.98491618
    2153     0.98983814
    2154     0.98827386
    2155     0.99184102
    2156     0.99573242
    2157     0.99583238
    2158     0.99531208
    2159     0.98507586
    2160     0.98844660
    2161     0.98636070
    2162     0.99223732
    2163     0.95688404
    2164     0.99556522
    2165     0.99526522
    2166     0.98725594
    2167     0.98876250
    2168     0.97471152
    2169     0.99611926
    2170     0.99464266
    2171     0.99749074
    2172     0.97890230
    2173     0.99267956
    2174     0.98444800
    2175     0.99459064
    2176     0.98454212
    2177     0.99762068
    2178     0.97720914
    2179     0.98306452
    2180     0.99775296
    2181     0.99826286
    2182     0.99440280
    2183     0.96191860
    2184     0.95142996
    2185     0.98962940
    2186     0.99782578
    2187     0.98422912
    2188     0.98880606
    2189     0.99202844
    2190     0.98644628
    2191     0.99816168
    2192     0.99815932
    2193     0.99816872
    2194     0.97827704
    2195     0.98763346
    2196     0.99177358
    2197     0.99509914
    2198     0.95529452
    2199     0.94711594
    2200     0.91796236
    2201     0.97665614
    2202     0.96645474
    2203     0.98649516
    2204     0.95682014
    2205     0.98365452
    2206     0.99081608
    2207     0.99160410
    2208     0.99743278
    2209     0.99737728
    2210     0.99458130
    2211     0.98996904
    2212     0.99780170
    2213     0.99758196
    2214     0.98982314
    2215     0.98884602
    2216     0.96518460
    2217     0.99633060
    2218     0.99318816
    2219     0.99617260
    2220     0.99310610
    2221     0.96496606
    2222     0.99350590
    2223     0.99377510
    2224     0.99161964
    2225     0.98707632
    2226     0.97833220
    2227     0.97781274
    2228     0.99265200
    2229     0.99399240
    2230     0.99162436
    2231     0.96994884
    2232     0.96949212
    2233     0.97859228
    2234     0.99115536
    2235     0.98630972
    2236     0.97329722
    2237     0.97345728
    2238     0.98723532
    2239     0.98891332
    2240     0.97768560
    2241     0.97275012
    2242     0.98510280
    2243     0.98163752
    2244     0.97168524
    2245     0.98749636
    2246     0.96233154
    2247     0.95297730
    2248     0.99252526
    2249     0.98035412
    2250     0.97086102
    2251     0.98606330
    2252     0.97825908
    2253     0.96859262
    2254     0.95492882
    2255     0.96439084
    2256     0.94812576
    2257     0.96275746
    2258     0.97473364
    2259     0.98379456
    2260     0.96485390
    2261     0.91928982
    2262     0.94601324
    2263     0.95893668
    2264     0.94295502
    2265     0.98439540
    2266     0.98912362
    2267     0.97173320
    2268     0.90035940
    2269     0.97964964
    2270     0.95215358
    2271     0.97797150
    2272     0.93870790
    2273     0.97893800
    2274     0.97372020
    2275     0.87292006
    2276     0.95223924
    2277     0.95901118
    2278     0.97666408
    2279     0.99325704
    2280     0.92523020
    2281     0.98043170
    2282     0.92864610
    2283     0.92319318
    2284     0.95338600
    2285     0.94148712
    2286     0.98003446
    2287     0.97725598
    2288     0.98462856
    2289     0.89627928
    2290     0.95107118
    2291     0.97240104
    2292     0.94170040
    2293     0.95503498
    2294     0.95336802
    2295     0.92566254
    2296     0.94897236
    2297     0.98845570
    2298     0.89048682
    2299     0.94966196
    2300     0.89158142
    2301     0.97123084
    2302     0.94740270
    2303     0.92062766
    2304     0.91691942
    2305     0.95896190
    2306     0.95013832
    2307     0.92344732
    2308     0.97223796
    2309     0.96814370
    2310     0.98687904
    2311     0.99223952
    2312     0.97672736
    2313     0.99585562
    2314     0.99448716
    2315     0.97951530
    2316     0.82747044
    2317     0.78197836
    2318     0.87938054
    2319     0.92297458
    2320     0.94644908
    2321     0.93233176
    2322     0.93922200
    2323     0.94384052
    2324     0.98448842
    2325     0.94674798
    2326     0.96741584
    2327     0.98954782
    2328     0.92309798
    2329     0.96410994
    2330     0.97088702
    2331     0.93836364
    2332     0.95372174
    2333     0.97083904
    2334     0.94404516
    2335     0.95662638
    2336     0.95097698
    2337     0.97504418
    2338     0.90553552
    2339     0.92315440
    2340     0.86892022
    2341     0.90974640
    2342     0.92631948
    2343     0.92593914
    2344     0.94086246
    2345     0.91224514
    2346     0.91835852
    2347     0.92005280
    2348     0.88965874
    2349     0.90059226
    2350     0.85005114
    2351     0.88500932
    2352     0.84873690
    2353     0.88793056
    2354     0.94987630
    2355     0.89093330
    2356     0.90644142
    2357     0.95324216
    2358     0.78606506
    2359     0.98566440
    2360     0.98404068
    2361     0.91554702
    2362     0.98676278
    2363     0.93743922
    2364     0.92287490
    2365     0.98476996
    2366     0.95123150
    2367     0.84520876
    2368     0.91724268
    2369     0.94425380
    2370     0.64466274
    2371     0.67500546
    2372     0.84306040
    2373     0.92797932
    2374     0.94856926
    2375     0.96393638
    2376     0.81988592
    2377     0.93810324
    2378     0.82002395
    2379     0.93619926
    2380     0.89774220
    2381     0.98282354
    2382     0.95354908
    2383     0.77247722
    2384     0.82225026
    2385     0.90331112
    2386     0.85133658
    2387     0.93542528
    2388     0.83884583
    2389     0.94856140
    2390     0.93695970
    2391     0.74618536
    2392     0.97026774
    2393     0.94844222
    2394     0.91735006
    2395     0.94614104
    2396     0.80063496
    2397     0.90795372
    2398     0.94272788
    2399     0.96204614
    2400     0.88379548
    2401     0.97179992
    2402     0.96679418
    2403     0.94970572
    2404     0.74210880
    2405     0.94954930
    2406     0.85216633
    2407     0.79370954
    2408     0.96551796
    2409     0.80849378
    2410     0.94100634
    2411     0.88199590
    2412     0.95287994
    2413     0.92936940
    2414     0.79674567
    2415     0.78719632
    2416     0.68333993
    2417     0.95320150
    2418     0.66692241
    2419     0.58235464
    2420     0.96105586
    2421     0.97048894
    2422     0.91902052
    2423     0.93685010
    2424     0.82728202
    2425     0.93339610
    2426     0.79327248
    2427     0.95952282
    2428     0.97831628
    2429     0.96579670
    2430     0.97288190
    2431     0.97415316
    2432     0.95357582
    2433     0.78468628
    2434     0.83158590
    2435     0.39566437
    2436     0.48482787
    2437     0.94515342
    2438     0.96886072
    2439     0.97904004
    2440     0.97354068
    2441     0.97617918
    2442     0.90771006
    2443     0.93383558
    2444     0.95769676
    2445     0.77872735
    2446     0.57010586
    2447     0.66321991
    2448     0.82755393
    2449     0.92349948
    2450     0.54820098
    2451     0.46809680
    2452     0.93488486
    2453     0.82040478
    2454     0.64591001
    2455     0.94835584
    2456     0.94855346
    2457     0.97169428
    2458     0.97133560
    2459     0.95407144
    2460     0.97196090
    2461     0.94168740
    2462     0.49156505
    2463     0.85476120
    2464     0.84940680
    2465     0.96601138
    2466     0.94881552
    2467     0.76691799
    2468     0.90939440
    2469     0.95295092
    2470     0.92255450
    2471     0.73234632
    2472     0.10413133
    2473     0.68923592
    2474     0.93189610
    2475     0.86253146
    2476     0.95618088
    2477     0.86842862
    2478     0.83798148
    2479     0.79648974
    2480     0.59202697
    2481     0.52227914
    2482     0.87686134
    2483     0.70430556
    2484     0.30628458
    2485     0.87533010
    2486     0.69301470
    2487     0.44727520
    2488     0.42950153
    2489     0.72401896
    2490     0.74169132
    2491     0.69610671
    2492     0.53347660
    2493     0.68585948
    2494     0.21653831
    2495     0.48526796
    2496     0.72530031
    2497     0.83131414
    2498     0.80441780
    2499     0.73970533
    2500     0.85830150
    2501     0.83329640
    2502     0.63109367
    2503     0.39943830
    2504     0.59799799
    2505     0.43869243
    2506     0.44901938
    2507     0.90247466
    2508     0.72103816
    2509     0.63969198
    2510     0.44991036
    2511     0.39654169
    2512     0.44175705
    2513     0.70293870
    2514     0.52855214
    2515     0.16991064
    2516     0.14797857
    2517     0.11137912
    2518     0.62995316
    2519     0.30163855
    2520     0.61209744
    2521     0.81164450
    2522     0.37692787
    2523     0.52275962
    2524     0.26458586
    2525     0.36082499
    2526     0.27524923
    2527     0.26606586
    2528     0.36452984
    2529     0.11955211
    2530     0.19877438
    2531     0.00677554
    2532     0.06839616
    2533     0.14369397
    2534     0.45843140
    2535     0.03666998
    2536     0.00929222
    2537     0.20766448
    2538     0.29308279
    2539     0.29353781
    2540     0.49777679
    2541     0.06356389
    2542     0.05280735
    2543     0.01120309
    2544     0.00039311
    2545     0.02904915
    2546     0.18611937
    2547     0.00466927
    2548     0.00015449
    2549     0.14769724
    2550     0.03096447
    2551     0.03179993
    2552     0.01814834
    2553     0.02156068
    2554     0.22227416
    2555     0.27857889
    2556     0.43401682
    2557     0.25638936
    2558     0.18229535
    2559     0.03060815
    2560     0.00000000
    2561     0.00000000
    2562     0.00000000
    2563     0.00000959
    2564     0.00000000
    2565     0.00197593
    2566     0.05350571
    2567     0.03112639
    2568     0.00045660
    2569     0.00000000
    2570     0.00010948
    2571     0.01170686
    2572     0.00192630
    2573     0.00000000
    2574     0.00002013
    2575     0.00063806
    2576     0.00000586
    2577     0.00003431
    2578     0.01322685
    2579     0.01144241
    2580     0.00063676
    2581     0.00000028
    2582     0.00010165
    2583     0.00000000
    2584     0.00000000
    2585     0.00012700
    2586     0.00002264
    2587     0.00000000
    2588     0.00000000
    2589     0.00000000
    2590     0.00127918
    2591     0.00037470
    2592     0.00000000
    2593     0.00000000
    2594     0.00000000
    2595     0.00000000
    2596     0.00000000
    2597     0.00000000
    2598     0.00214125
    2599     0.00442665
    2600     0.00161181
    2601     0.00000000
    2602     0.00000000
    2603     0.00000000
    2604     0.00000000
    2605     0.00000000
    2606     0.00000000
    2607     0.00000000
    2608     0.00000000
    2609     0.00000000
    2610     0.00000941
    2611     0.00097746
    2612     0.00000000
    2613     0.00000000
    2614     0.00003319
    2615     0.00000000
    2616     0.00000000
    2617     0.00000000
    2618     0.00000000
    2619     0.00000000
    2620     0.00000000
    2621     0.00000000
    2622     0.00071814
    2623     0.00778419
    2624     0.00308695
    2625     0.00012181
    2626     0.00000000
    2627     0.00000000
    2628     0.00000000
    2629     0.00000000
    2630     0.00000000
    2631     0.00000000
    2632     0.00000000
    2633     0.00000000
    2634     0.00003631
    2635     0.01070279
    2636     0.04968324
    2637     0.16767498
    2638     0.11494512
    2639     0.12729033
    2640     0.03106210
    2641     0.00056329
    2642     0.00144315
    2643     0.04655220
    2644     0.00535765
    2645     0.00003264
    2646     0.00000000
    2647     0.02923011
    2648     0.13710915
    2649     0.09679687
    2650     0.05895497
    2651     0.00101097
    2652     0.00000000
    2653     0.00006679
    2654     0.00081236
    2655     0.00000000
    2656     0.00039760
    2657     0.00205703
    2658     0.00086912
    2659     0.00000000
    2660     0.00000000
    2661     0.00000000
    2662     0.00000000
    2663     0.00000000
    2664     0.00000000
    2665     0.00000000
    2666     0.00000000
    2667     0.00000000
    2668     0.00000000
    2669     0.00000000
    2670     0.00000000
    2671     0.00000000
    2672     0.00000000
    2673     0.00000000
    2674     0.00000000
    2675     0.00000000
    2676     0.00000000
    2677     0.00000000
    2678     0.00000000
    2679     0.00000000
    2680     0.00000000
    2681     0.00000000
    2682     0.00000000
    2683     0.00000000
    2684     0.00000000
    2685     0.00000000
    2686     0.00000000
    2687     0.00000000
    2688     0.00000000
    2689     0.00000000
    2690     0.00000000
    2691     0.00000000
    2692     0.00000000
    2693     0.00000000
    2694     0.00000000
    2695     0.00000000
    2696     0.00000000
    2697     0.00000000
    2698     0.00000000
    2699     0.00000000
    2700     0.00000000
    2701     0.00000000
    2702     0.00000000
    2703     0.00000000
    2704     0.00000000
    2705     0.00000000
    2706     0.00000000
    2707     0.00000000
    2708     0.00000000
    2709     0.00000000
    2710     0.00000000
    2711     0.00000000
    2712     0.00000000
    2713     0.00000915
    2714     0.00037688
    2715     0.00036007
    2716     0.00029392
    2717     0.00000000
    2718     0.00000000
    2719     0.00000000
    2720     0.00000000
    2721     0.00000000
    2722     0.00000000
    2723     0.00000000
    2724     0.00000000
    2725     0.00000000
    2726     0.00004464
    2727     0.00164623
    2728     0.01515495
    2729     0.02320981
    2730     0.03584530
    2731     0.01383746
    2732     0.00401356
    2733     0.00335384
    2734     0.00000000
    2735     0.00000000
    2736     0.00040065
    2737     0.00003214
    2738     0.00000000
    2739     0.00000000
    2740     0.00000000
    2741     0.00000000
    2742     0.00000000
    2743     0.00065702
    2744     0.00026555
    2745     0.00000000
    2746     0.00316648
    2747     0.00038235
    2748     0.00000000
    2749     0.00002135
    2750     0.00021348
    2751     0.00000000
    2752     0.00000000
    2753     0.00000000
    2754     0.00000000
    2755     0.00000000
    2756     0.00000000
    2757     0.00000000
    2758     0.00000000
    2759     0.00000000
    2760     0.00000000
    2761     0.00000000
    2762     0.00000000
    2763     0.00000000
    2764     0.00000000
    2765     0.00000000
    2766     0.00000000
    2767     0.00000000
    2768     0.00000000
    2769     0.00000000
    2770     0.00000000
    2771     0.00000000
    2772     0.00000000
    2773     0.00000000
    2774     0.00000409
    2775     0.00000000
    2776     0.00000000
    2777     0.00000000
    2778     0.00000000
    2779     0.00000000
    2780     0.00000000
    2781     0.00000000
    2782     0.00000000
    2783     0.00000001
    2784     0.00009853
    2785     0.00000053
    2786     0.00000000
    2787     0.00000000
    2788     0.00000000
    2789     0.00062547
    2790     0.00000248
    2791     0.00427609
    2792     0.00625240
    2793     0.00007536
    2794     0.01923756
    2795     0.00102949
    2796     0.01367252
    2797     0.00008578
    2798     0.00132610
    2799     0.05072048
    2800     0.00227226
    2801     0.00305620
    2802     0.00000000
    2803     0.00000000
    2804     0.00000000
    2805     0.00000375
    2806     0.00018537
    2807     0.00808185
    2808     0.00065382
    2809     0.03144890
    2810     0.03771721
    2811     0.01916262
    2812     0.15768112
    2813     0.02300197
    2814     0.00842021
    2815     0.00626533
    2816     0.02296680
    2817     0.06080946
    2818     0.00588970
    2819     0.01366786
    2820     0.00429352
    2821     0.00013997
    2822     0.01462060
    2823     0.23505332
    2824     0.14837286
    2825     0.12645087
    2826     0.31494849
    2827     0.02683296
    2828     0.24825697
    2829     0.38447901
    2830     0.38909810
    2831     0.18298508
    2832     0.02914568
    2833     0.01316771
    2834     0.00059668
    2835     0.00898076
    2836     0.06826787
    2837     0.01613703
    2838     0.00216972
    2839     0.07061907
    2840     0.28871322
    2841     0.03977343
    2842     0.18998403
    2843     0.38701522
    2844     0.64928398
    2845     0.20780955
    2846     0.16171300
    2847     0.08591055
    2848     0.09168677
    2849     0.00262494
    2850     0.22699564
    2851     0.33803417
    2852     0.09441189
    2853     0.00522270
    2854     0.00152251
    2855     0.00713346
    2856     0.19137652
    2857     0.28143490
    2858     0.38831577
    2859     0.11680687
    2860     0.13545683
    2861     0.25993033
    2862     0.47815401
    2863     0.55001210
    2864     0.29358085
    2865     0.59386390
    2866     0.18329410
    2867     0.31422263
    2868     0.16843672
    2869     0.35952548
    2870     0.32284620
    2871     0.05260648
    2872     0.07134521
    2873     0.23375844
    2874     0.61710338
    2875     0.70374114
    2876     0.65578072
    2877     0.14327152
    2878     0.41703617
    2879     0.51524943
    2880     0.58652882
    2881     0.36709245
    2882     0.64199596
    2883     0.44713812
    2884     0.23678432
    2885     0.55902938
    2886     0.57777083
    2887     0.31399723
    2888     0.10543616
    2889     0.18420599
    2890     0.72604482
    2891     0.47105270
    2892     0.52390964
    2893     0.33607410
    2894     0.81767024
    2895     0.77897446
    2896     0.83578752
    2897     0.84805758
    2898     0.74328204
    2899     0.38002033
    2900     0.05603544
    2901     0.12344144
    2902     0.36773002
    2903     0.66032526
    2904     0.10383848
    2905     0.30312905
    2906     0.40384158
    2907     0.63415520
    2908     0.46003416
    2909     0.71429460
    2910     0.74493770
    2911     0.90854256
    2912     0.67985399
    2913     0.54829629
    2914     0.23305199
    2915     0.78562604
    2916     0.80719390
    2917     0.44307747
    2918     0.84888586
    2919     0.90931436
    2920     0.73018103
    2921     0.32462088
    2922     0.08918860
    2923     0.05396347
    2924     0.25683486
    2925     0.48208868
    2926     0.83917630
    2927     0.85412864
    2928     0.92685768
    2929     0.63278520
    2930     0.75557866
    2931     0.93958240
    2932     0.92247310
    2933     0.59878220
    2934     0.92837556
    2935     0.78349000
    2936     0.92600126
    2937     0.58383050
    2938     0.50621235
    2939     0.44237793
    2940     0.72722344
    2941     0.85195572
    2942     0.65986862
    2943     0.16780575
    2944     0.60371374
    2945     0.87447586
    2946     0.69729382
    2947     0.04841927
    2948     0.57769123
    2949     0.89692186
    2950     0.90435124
    2951     0.89148580
    2952     0.84847738
    2953     0.23394051
    2954     0.29869550
    2955     0.48956173
    2956     0.81366236
    2957     0.90246088
    2958     0.68046189
    2959     0.69767808
    2960     0.73573930
    2961     0.87657712
    2962     0.80995810
    2963     0.64572031
    2964     0.94424930
    2965     0.94248056
    2966     0.72188338
    2967     0.74756590
    2968     0.42439089
    2969     0.33782627
    2970     0.32511831
    2971     0.14909851
    2972     0.23779423
    2973     0.58523613
    2974     0.14777354
    2975     0.64436356
    2976     0.32683045
    2977     0.85213616
    2978     0.49750582
    2979     0.45772156
    2980     0.50393366
    2981     0.48115622
    2982     0.74165294
    2983     0.78509615
    2984     0.82986826
    2985     0.85070806
    2986     0.79311710
    2987     0.93608982
    2988     0.78569642
    2989     0.95776894
    2990     0.96003294
    2991     0.75811407
    2992     0.74593972
    2993     0.73912366
    2994     0.77418354
    2995     0.89995528
    2996     0.45426212
    2997     0.59164997
    2998     0.52143630
    2999     0.81145104
    3000     0.93124030
    3001     0.95318358
    3002     0.94367604
    3003     0.69845936
    3004     0.87585768
    3005     0.29657473
    3006     0.39637182
    3007     0.62294863
    3008     0.70169042
    3009     0.52356343
    3010     0.93397274
    3011     0.90506086
    3012     0.95410850
    3013     0.69391700
    3014     0.66426286
    3015     0.94260508
    3016     0.88275620
    3017     0.62254023
    3018     0.30578355
    3019     0.53874633
    3020     0.55255796
    3021     0.62839175
    3022     0.04481553
    3023     0.70923816
    3024     0.93331186
    3025     0.95484244
    3026     0.92032324
    3027     0.56541874
    3028     0.95500198
    3029     0.85392820
    3030     0.76199557
    3031     0.82410740
    3032     0.23292854
    3033     0.59889165
    3034     0.91145984
    3035     0.55231995
    3036     0.41117070
    3037     0.30497632
    3038     0.41219879
    3039     0.81880270
    3040     0.30944300
    3041     0.68899568
    3042     0.92594976
    3043     0.87021398
    3044     0.68776088
    3045     0.50733062
    3046     0.67800721
    3047     0.89561206
    3048     0.32593643
    3049     0.57806679
    3050     0.76560366
    3051     0.46259646
    3052     0.26834955
    3053     0.54466353
    3054     0.08936827
    3055     0.51452147
    3056     0.54747141
    3057     0.46821090
    3058     0.91118406
    3059     0.95484572
    3060     0.91707036
    3061     0.63322419
    3062     0.44378701
    3063     0.79171848
    3064     0.62566162
    3065     0.86645596
    3066     0.67350595
    3067     0.50297750
    3068     0.90114286
    3069     0.55121294
    3070     0.45508614
    3071     0.72251350
    3072     0.40027279
    3073     0.41379736
    3074     0.88792492
    3075     0.88526902
    3076     0.95303516
    3077     0.88732610
    3078     0.94079884
    3079     0.77916312
    3080     0.69247564
    3081     0.04377920
    3082     0.45145736
    3083     0.72372700
    3084     0.64735484
    3085     0.80307334
    3086     0.39499338
    3087     0.89895418
    3088     0.78081494
    3089     0.25685101
    3090     0.79393390
    3091     0.84850674
    3092     0.62701730
    3093     0.23491981
    3094     0.77868664
    3095     0.44236164
    3096     0.38228978
    3097     0.79262872
    3098     0.28555094
    3099     0.75129698
    3100     0.83552104
    3101     0.94192870
    3102     0.87021698
    3103     0.41577397
    3104     0.68266388
    3105     0.16865991
    3106     0.22645525
    3107     0.82639484
    3108     0.59294875
    3109     0.63763412
    3110     0.48110370
    3111     0.14336580
    3112     0.77010690
    3113     0.85728584
    3114     0.68196530
    3115     0.11790773
    3116     0.71707912
    3117     0.86697140
    3118     0.93737568
    3119     0.94941102
    3120     0.96367984
    3121     0.90431152
    3122     0.94114286
    3123     0.92665520
    3124     0.66921000
    3125     0.46696464
    3126     0.43257376
    3127     0.27354727
    3128     0.27777937
    3129     0.72065916
    3130     0.93445780
    3131     0.94783862
    3132     0.88550496
    3133     0.93823790
    3134     0.95961556
    3135     0.96820966
    3136     0.95835846
    3137     0.94149010
    3138     0.82841026
    3139     0.11029308
    3140     0.65355089
    3141     0.87315186
    3142     0.77646994
    3143     0.92045692
    3144     0.83169866
    3145     0.61555386
    3146     0.06497899
    3147     0.64760568
    3148     0.88268486
    3149     0.74987852
    3150     0.92831394
    3151     0.88157704
    3152     0.95813842
    3153     0.93439818
    3154     0.67603082
    3155     0.73090322
    3156     0.63624981
    3157     0.83522856
    3158     0.83453952
    3159     0.93199466
    3160     0.80458744
    3161     0.97010146
    3162     0.97019982
    3163     0.98399992
    3164     0.98358828
    3165     0.97394618
    3166     0.85805940
    3167     0.87423032
    3168     0.96905830
    3169     0.94877190
    3170     0.97914042
    3171     0.94038898
    3172     0.81313484
    3173     0.70513331
    3174     0.96376580
    3175     0.61319073
    3176     0.95449532
    3177     0.95887552
    3178     0.95531204
    3179     0.96907148
    3180     0.95996602
    3181     0.63509744
    3182     0.80300552
    3183     0.93271776
    3184     0.42813163
    3185     0.93032498
    3186     0.95220354
    3187     0.93711148
    3188     0.92156244
    3189     0.89714880
    3190     0.73641570
    3191     0.13616675
    3192     0.45226874
    3193     0.34780657
    3194     0.88733186
    3195     0.91842810
    3196     0.73347762
    3197     0.53452528
    3198     0.12545278
    3199     0.35134400
    3200     0.75770826
    3201     0.53515892
    3202     0.01547882
    3203     0.45422348
    3204     0.79116448
    3205     0.48159800
    3206     0.11904341
    3207     0.45244282
    3208     0.47022684
    3209     0.09834084
    3210     0.28610351
    3211     0.24202471
    3212     0.35242171
    3213     0.40338884
    3214     0.65640108
    3215     0.31492655
    3216     0.66073942
    3217     0.51773550
    3218     0.42410288
    3219     0.79493084
    3220     0.65364159
    3221     0.24439680
    3222     0.23579601
    3223     0.32381648
    3224     0.10472127
    3225     0.36554997
    3226     0.29575954
    3227     0.80378334
    3228     0.66377589
    3229     0.19732234
    3230     0.01032481
    3231     0.31940071
    3232     0.42481438
    3233     0.88609714
    3234     0.92995078
    3235     0.94435594
    3236     0.84021740
    3237     0.90943712
    3238     0.83879284
    3239     0.46183859
    3240     0.10762429
    3241     0.75843952
    3242     0.84983504
    3243     0.59127396
    3244     0.44081054
    3245     0.28470926
    3246     0.45624102
    3247     0.24616783
    3248     0.41776970
    3249     0.34414117
    3250     0.22731331
    3251     0.85371222
    3252     0.93158938
    3253     0.88982652
    3254     0.93513036
    3255     0.93283948
    3256     0.92971432
    3257     0.87601400
    3258     0.83719292
    3259     0.52322218
    3260     0.03177248
    3261     0.36259743
    3262     0.45154616
    3263     0.14154007
    3264     0.75944754
    3265     0.88586802
    3266     0.83622780
    3267     0.63591933
    3268     0.52563882
    3269     0.72290654
    3270     0.12033151
    3271     0.15962198
    3272     0.25248944
    3273     0.80427078
    3274     0.87844772
    3275     0.89190096
    3276     0.87582222
    3277     0.85646520
    3278     0.82976976
    3279     0.30982333
    3280     0.08117674
    3281     0.80106868
    3282     0.93019532
    3283     0.94702526
    3284     0.94753166
    3285     0.92978926
    3286     0.93147092
    3287     0.95092660
    3288     0.94943386
    3289     0.94027980
    3290     0.78471041
    3291     0.59524993
    3292     0.87747784
    3293     0.68578992
    3294     0.53631268
    3295     0.21325046
    3296     0.65604412
    3297     0.58478621
    3298     0.08779355
    3299     0.13539108
    3300     0.61836148
    3301     0.47328628
    3302     0.85377228
    3303     0.87645200
    3304     0.48815956
    3305     0.54006012
    3306     0.85776866
    3307     0.87711026
    3308     0.45825866
    3309     0.64999666
    3310     0.66299506
    3311     0.77812520
    3312     0.20292741
    3313     0.00168523
    3314     0.00330497
    3315     0.02587860
    3316     0.03073802
    3317     0.14661830
    3318     0.11557488
    3319     0.05705162
    3320     0.32404362
    3321     0.33646551
    3322     0.35724188
    3323     0.50602879
    3324     0.71670970
    3325     0.69755800
    3326     0.81768506
    3327     0.55504512
    3328     0.40372987
    3329     0.42014582
    3330     0.91738354
    3331     0.92640052
    3332     0.94616808
    3333     0.92243972
    3334     0.49109997
    3335     0.90477380
    3336     0.95873752
    3337     0.94230006
    3338     0.69945314
    3339     0.53253697
    3340     0.65036953
    3341     0.74716479
    3342     0.60613389
    3343     0.94081442
    3344     0.83259894
    3345     0.26876524
    3346     0.53358039
    3347     0.47734658
    3348     0.93602910
    3349     0.95710958
    3350     0.78964364
    3351     0.82392898
    3352     0.87622270
    3353     0.92119736
    3354     0.73584544
    3355     0.54952162
    3356     0.44140487
    3357     0.28227153
    3358     0.66422978
    3359     0.92445240
    3360     0.92616844
    3361     0.54327087
    3362     0.86909412
    3363     0.45028659
    3364     0.92955170
    3365     0.88218542
    3366     0.93508860
    3367     0.79405256
    3368     0.12516895
    3369     0.71561332
    3370     0.89656270
    3371     0.54643427
    3372     0.86671034
    3373     0.94305896
    3374     0.95918612
    3375     0.95194520
    3376     0.62960852
    3377     0.90748620
    3378     0.93282696
    3379     0.56823336
    3380     0.11588242
    3381     0.78215562
    3382     0.85267688
    3383     0.76997780
    3384     0.82200976
    3385     0.72414608
    3386     0.89289432
    3387     0.95846320
    3388     0.96877226
    3389     0.94917140
    3390     0.88206776
    3391     0.38320634
    3392     0.25533839
    3393     0.92312862
    3394     0.78857630
    3395     0.95604864
    3396     0.94825956
    3397     0.88995538
    3398     0.96794538
    3399     0.96674564
    3400     0.96144582
    3401     0.94956918
    3402     0.92332728
    3403     0.33360440
    3404     0.24626358
    3405     0.83707108
    3406     0.69255906
    3407     0.84595684
    3408     0.73239764
    3409     0.75892776
    3410     0.84513930
    3411     0.95874938
    3412     0.83834964
    3413     0.95108266
    3414     0.94099862
    3415     0.49293396
    3416     0.17875774
    3417     0.90851334
    3418     0.96435598
    3419     0.96317374
    3420     0.96080988
    3421     0.95750634
    3422     0.96207250
    3423     0.93013746
    3424     0.93857576
    3425     0.85748636
    3426     0.85587916
    3427     0.63179833
    3428     0.33825631
    3429     0.71129235
    3430     0.95757018
    3431     0.95880134
    3432     0.96839044
    3433     0.96140038
    3434     0.91734474
    3435     0.91167208
    3436     0.94112758
    3437     0.93979194
    3438     0.93207474
    3439     0.79426161
    3440     0.56896538
    3441     0.69180062
    3442     0.94130238
    3443     0.94333330
    3444     0.97346404
    3445     0.94513440
    3446     0.84373774
    3447     0.96624834
    3448     0.86349984
    3449     0.91462256
    3450     0.96499130
    3451     0.80517674
    3452     0.82810046
    3453     0.77337952
    3454     0.75649766
    3455     0.80744518
    3456     0.95728770
    3457     0.97121036
    3458     0.97534684
    3459     0.96483210
    3460     0.95628282
    3461     0.93207688
    3462     0.96441114
    3463     0.94119940
    3464     0.86458992
    3465     0.78268562
    3466     0.74391892
    3467     0.94452098
    3468     0.92480834
    3469     0.97207074
    3470     0.97022776
    3471     0.96345500
    3472     0.92204292
    3473     0.93926774
    3474     0.88451578
    3475     0.91268556
    3476     0.91683568
    3477     0.88287884
    3478     0.85962368
    3479     0.91335298
    3480     0.94039066
    3481     0.95645154
    3482     0.93975630
    3483     0.94079856
    3484     0.97822320
    3485     0.91332530
    3486     0.94543342
    3487     0.89930352
    3488     0.91788074
    3489     0.87345702
    3490     0.90241180
    3491     0.92814178
    3492     0.92824124
    3493     0.92165290
    3494     0.93575926
    3495     0.97087878
    3496     0.96418354
    3497     0.96750434
    3498     0.91261944
    3499     0.95627900
    3500     0.92487670
    3501     0.96210732
    3502     0.95134174
    3503     0.85801434
    3504     0.94912238
    3505     0.96653638
    3506     0.97404308
    3507     0.95848650
    3508     0.96805582
    3509     0.95097692
    3510     0.95962538
    3511     0.89063342
    3512     0.96937468
    3513     0.96251046
    3514     0.93259050
    3515     0.96989888
    3516     0.95543948
    3517     0.96264122
    3518     0.96995432
    3519     0.94711506
    3520     0.95473020
    3521     0.95722942
    3522     0.96459456
    3523     0.94256356
    3524     0.97295068
    3525     0.96317260
    3526     0.95257522
    3527     0.88086708
    3528     0.93519472
    3529     0.96604132
    3530     0.96766756
    3531     0.90173306
    3532     0.95111206
    3533     0.88324502
    3534     0.96486902
    3535     0.74785374
    3536     0.89180634
    3537     0.95673974
    3538     0.88564436
    3539     0.84285412
    3540     0.87406916
    3541     0.86309134
    3542     0.89008972
    3543     0.86735292
    3544     0.92550876
    3545     0.90101926
    3546     0.90982952
    3547     0.86436974
    3548     0.95306984
    3549     0.93266172
    3550     0.93077400
    3551     0.95325356
    3552     0.91225084
    3553     0.90969756
    3554     0.88583966
    3555     0.89206492
    3556     0.94679308
    3557     0.94279022
    3558     0.94067386
    3559     0.90667152
    3560     0.91459450
    3561     0.96315334
    3562     0.96663402
    3563     0.95831480
    3564     0.89091848
    3565     0.92366358
    3566     0.91435184
    3567     0.83680448
    3568     0.95071964
    3569     0.82255486
    3570     0.94993398
    3571     0.90025566
    3572     0.89256772
    3573     0.87445952
    3574     0.84174554
    3575     0.88918854
    3576     0.89598798
    3577     0.93101520
    3578     0.94284826
    3579     0.91729868
    3580     0.95346576
    3581     0.82285702
    3582     0.90752566
    3583     0.94399168
    3584     0.87599572
    3585     0.89149328
    3586     0.91292358
    3587     0.84272642
    3588     0.94779926
    3589     0.91173260
    3590     0.93425690
    3591     0.92419704
    3592     0.89225060
    3593     0.89305914
    3594     0.95920710
    3595     0.94376754
    3596     0.94696902
    3597     0.88551142
    3598     0.95174486
    3599     0.95018356
    3600     0.87765918
    3601     0.95509330
    3602     0.96177426
    3603     0.95869776
    3604     0.95299996
    3605     0.89932182
    3606     0.89875646
    3607     0.80569326
    3608     0.89979398
    3609     0.95713986
    3610     0.92258554
    3611     0.92235844
    3612     0.91881442
    3613     0.87537316
    3614     0.95449558
    3615     0.96280992
    3616     0.95210220
    3617     0.89440960
    3618     0.96041450
    3619     0.95255684
    3620     0.95960342
    3621     0.94931460
    3622     0.96615682
    3623     0.95597642
    3624     0.95534220
    3625     0.91174118
    3626     0.91720532
    3627     0.81155872
    3628     0.95724330
    3629     0.96566230
    3630     0.96496256
    3631     0.88798688
    3632     0.94955706
    3633     0.95603034
    3634     0.90202420
    3635     0.95050150
    3636     0.94757306
    3637     0.95303790
    3638     0.96502458
    3639     0.94871700
    3640     0.95500802
    3641     0.96128208
    3642     0.96127686
    3643     0.96332848
    3644     0.95161540
    3645     0.93352684
    3646     0.87991928
    3647     0.81170040
    3648     0.95466430
    3649     0.96330516
    3650     0.94892702
    3651     0.91500026
    3652     0.94487626
    3653     0.94303794
    3654     0.95179896
    3655     0.95903078
    3656     0.96342804
    3657     0.96116538
    3658     0.96131688
    3659     0.95473498
    3660     0.96431958
    3661     0.93693096
    3662     0.95837594
    3663     0.93281438
    3664     0.96146738
    3665     0.95840622
    3666     0.95658498
    3667     0.78835134
    3668     0.88167324
    3669     0.95234968
    3670     0.94739178
    3671     0.86318484
    3672     0.85646972
    3673     0.84288424
    3674     0.91113470
    3675     0.79487254
    3676     0.85191762
    3677     0.94914646
    3678     0.89868064
    3679     0.92324036
    3680     0.92727114
    3681     0.91942440
    3682     0.93988378
    3683     0.90774902
    3684     0.94866330
    3685     0.95725236
    3686     0.94832402
    3687     0.86341804
    3688     0.89763200
    3689     0.95060624
    3690     0.94990068
    3691     0.94208552
    3692     0.91727512
    3693     0.95296764
    3694     0.95116178
    3695     0.94575434
    3696     0.95964364
    3697     0.93793496
    3698     0.95916198
    3699     0.95439146
    3700     0.94879852
    3701     0.95791868
    3702     0.96004584
    3703     0.95956584
    3704     0.95308798
    3705     0.95363804
    3706     0.92998796
    3707     0.93447360
    3708     0.95092456
    3709     0.89269762
    3710     0.90230168
    3711     0.94349688
    3712     0.94044236
    3713     0.87935226
    3714     0.94890000
    3715     0.92449430
    3716     0.95521204
    3717     0.90859460
    3718     0.94785216
    3719     0.95136358
    3720     0.95558516
    3721     0.95463598
    3722     0.95212200
    3723     0.95348144
    3724     0.94394592
    3725     0.95340160
    3726     0.93006678
    3727     0.94210814
    3728     0.93905212
    3729     0.94586940
    3730     0.85455320
    3731     0.95012346
    3732     0.95262596
    3733     0.91899720
    3734     0.86707762
    3735     0.94150860
    3736     0.90634386
    3737     0.92770456
    3738     0.92456440
    3739     0.94286168
    3740     0.94556416
    3741     0.88303482
    3742     0.94162930
    3743     0.94289992
    3744     0.94825708
    3745     0.94480184
    3746     0.94262932
    3747     0.95078374
    3748     0.94299060
    3749     0.94257776
    3750     0.86407382
    3751     0.94590824
    3752     0.92590386
    3753     0.94276730
    3754     0.86455454
    3755     0.93904394
    3756     0.94533470
    3757     0.94796364
    3758     0.90030868
    3759     0.93744190
    3760     0.90984984
    3761     0.94496686
    3762     0.93213242
    3763     0.90336448
    3764     0.92465122
    3765     0.87418214
    3766     0.93198300
    3767     0.93980698
    3768     0.94582528
    3769     0.94187520
    3770     0.90136432
    3771     0.90338944
    3772     0.93691966
    3773     0.93832708
    3774     0.86125072
    3775     0.94080780
    3776     0.94244596
    3777     0.93573926
    3778     0.94275984
    3779     0.93159692
    3780     0.94026684
    3781     0.89355362
    3782     0.93906556
    3783     0.93548536
    3784     0.89202768
    3785     0.91447918
    3786     0.94039854
    3787     0.93911088
    3788     0.93103588
    3789     0.84915734
    3790     0.90244136
    3791     0.87409984
    3792     0.93090690
    3793     0.93066538
    3794     0.87161758
    3795     0.93516738
    3796     0.93608052
    3797     0.92311710
    3798     0.91714306
    3799     0.93673212
    3800     0.92495632
    3801     0.93210126
    3802     0.93360916
    3803     0.92887164
    3804     0.89023856
    3805     0.93084592
    3806     0.93441528
    3807     0.93280080
    3808     0.90476478
    3809     0.90811818
    3810     0.91623624
    3811     0.91915570
    3812     0.88001384
    3813     0.87519784
    3814     0.88522274
    3815     0.93045186
    3816     0.92545186
    3817     0.89459738
    3818     0.92946912
    3819     0.90299234
    3820     0.93109810
    3821     0.93275024
    3822     0.93257968
    3823     0.93179256
    3824     0.92092982
    3825     0.92459438
    3826     0.93037410
    3827     0.90380914
    3828     0.92688908
    3829     0.92900786
    3830     0.92794480
    3831     0.92441398
    3832     0.91672544
    3833     0.90135336
    3834     0.87681442
    3835     0.89355564
    3836     0.89541804
    3837     0.91539562
    3838     0.90541392
    3839     0.91325204
    3840     0.90960280
    3841     0.91735418
    3842     0.91335756
    3843     0.90021552
    3844     0.89755896
    3845     0.90178634
    3846     0.89432798
    3847     0.88933116
    3848     0.89984454
    3849     0.91309054
    3850     0.89883918
    3851     0.90004372
    3852     0.90713998
    3853     0.90999162
    3854     0.90786810
    3855     0.88336130
    3856     0.88400426
    3857     0.90103668
    3858     0.89478410
    3859     0.86167556
    3860     0.88640832
    3861     0.87930210
    3862     0.87298350
    3863     0.87115270
    3864     0.87500726
    3865     0.87028438
    3866     0.86167828
    3867     0.84036554
    3868     0.82398924
    3869     0.83335666
    3870     0.83155084
    3871     0.82959694
    3872     0.80601216
    3873     0.81947216
    3874     0.80611878
    3875     0.81371908
    3876     0.81345906
    3877     0.80440996
    3878     0.81772938
    3879     0.81115104
    3880     0.79152806
    3881     0.78869510
    3882     0.78370172
    3883     0.78805144
    3884     0.78476942
    3885     0.77585390
    3886     0.78330512
    3887     0.79774182
    3888     0.83868508
    3889     0.81197874
    3890     0.78353188
    3891     0.80030696
    3892     0.79971144
    3893     0.80574842
    3894     0.83306414
    3895     0.86551566
    3896     0.83755792
    3897     0.84203050
    3898     0.85641672
    3899     0.87176196
    3900     0.87628388
    3901     0.88219556
    3902     0.87209760
    3903     0.84811420
    3904     0.86566812
    3905     0.85680858
    3906     0.82061056
    3907     0.82011622
    3908     0.84632356
    3909     0.84262652
    3910     0.76004678
    3911     0.79420072
    3912     0.85333858
    3913     0.80691202
    3914     0.78518032
    3915     0.78411904
    3916     0.85774884
    3917     0.78060404
    3918     0.77204078
    3919     0.84783102
    3920     0.79656892
    3921     0.77111234
    3922     0.79426968
    3923     0.84570456
    3924     0.77408644
    3925     0.77344694
    3926     0.85510482
    3927     0.77487126
    3928     0.77806722
    3929     0.86054840
    3930     0.78834804
    3931     0.79672460
    3932     0.85913540
    3933     0.79665198
    3934     0.81002370
    3935     0.85756214
    3936     0.80376752
    3937     0.84292796
    3938     0.82890336
    3939     0.81180588
    3940     0.86257004
    3941     0.80649516
    3942     0.80894770
    3943     0.86188694
    3944     0.82417032
    3945     0.84039078
    3946     0.84674592
    3947     0.82623234
    3948     0.86002378
    3949     0.83327264
    3950     0.83804716
    3951     0.85443814
    3952     0.82919748
    3953     0.85576678
    3954     0.82730222
    3955     0.84204402
    3956     0.85128296
    3957     0.84047968
    3958     0.83650224
    3959     0.83839932
    3960     0.84874838
    3961     0.84131422
    3962     0.84083978
    3963     0.84784732
    3964     0.83961296
    3965     0.84546636
    3966     0.83944844
    3967     0.84370786
    3968     0.83777006
    3969     0.83774266
    3970     0.83990738
    3971     0.83482122
    3972     0.83739824
    3973     0.83508284
    3974     0.83427772
    3975     0.81383922
    3976     0.82390430
    3977     0.82962026
    3978     0.82954972
    3979     0.82362774
    3980     0.81909932
    3981     0.81010776
    3982     0.82472158
    3983     0.82418984
    3984     0.82303072
    3985     0.82169182
    3986     0.82120696
    3987     0.82041598
    3988     0.81838520
    3989     0.81728778
    3990     0.81597174
    3991     0.81498310
    3992     0.81061256
    3993     0.81136092
    3994     0.80994178
    3995     0.80746826
    3996     0.80799222
    3997     0.80737416
    3998     0.80607984
    3999     0.80359518
    4000     0.80187864
