#     lambda       flux     sys_error   FWHM   quality 
# A(Angstroms) erg/s/cm2/A  erg/s/cm2/A   A  1=ok,0=bad
   1195.0000   8.8615e-03   3.5446e-04   10.00   1.0000e+00
   1205.0000   6.9450e-02   2.7780e-03   10.00   1.0000e+00
   1215.0000   6.0810e-01   2.4324e-02   10.00   1.0000e+00
   1225.0000   1.4370e-01   5.7480e-03   10.00   1.0000e+00
   1235.0000   6.2695e-03   2.5078e-04   10.00   1.0000e+00
   1245.0000   4.0755e-03   1.6302e-04   10.00   1.0000e+00
   1255.0000   3.3780e-03   1.3512e-04   10.00   1.0000e+00
   1265.0000   4.1625e-03   1.6650e-04   10.00   1.0000e+00
   1275.0000   2.4150e-03   9.6600e-05   10.00   1.0000e+00
   1285.0000   1.9545e-03   7.8180e-05   10.00   1.0000e+00
   1295.0000   4.6680e-03   1.8672e-04   10.00   1.0000e+00
   1305.0000   1.3810e-02   5.5240e-04   10.00   1.0000e+00
   1315.0000   4.4810e-03   1.7924e-04   10.00   1.0000e+00
   1325.0000   4.6495e-03   1.8598e-04   10.00   1.0000e+00
   1335.0000   1.9305e-02   7.7220e-04   10.00   1.0000e+00
   1345.0000   5.0630e-03   2.0252e-04   10.00   1.0000e+00
   1355.0000   4.1965e-03   1.6786e-04   10.00   1.0000e+00
   1365.0000   3.4325e-03   1.3730e-04   10.00   1.0000e+00
   1375.0000   3.2260e-03   1.2904e-04   10.00   1.0000e+00
   1385.0000   4.4945e-03   1.7978e-04   10.00   1.0000e+00
   1395.0000   8.8990e-03   3.5596e-04   10.00   1.0000e+00
   1405.0000   6.8195e-03   2.7278e-04   10.00   1.0000e+00
   1415.0000   4.6125e-03   1.8450e-04   10.00   1.0000e+00
   1425.0000   5.1210e-03   2.0484e-04   10.00   1.0000e+00
   1435.0000   5.5790e-03   2.2316e-04   10.00   1.0000e+00
   1445.0000   5.5705e-03   2.2282e-04   10.00   1.0000e+00
   1455.0000   6.0395e-03   2.4158e-04   10.00   1.0000e+00
   1465.0000   7.6935e-03   3.0774e-04   10.00   1.0000e+00
   1475.0000   9.1945e-03   3.6778e-04   10.00   1.0000e+00
   1485.0000   8.8510e-03   3.5404e-04   10.00   1.0000e+00
   1495.0000   8.6170e-03   3.4468e-04   10.00   1.0000e+00
   1505.0000   9.3970e-03   3.7588e-04   10.00   1.0000e+00
   1515.0000   1.0007e-02   4.0026e-04   10.00   1.0000e+00
   1525.0000   1.2685e-02   5.0740e-04   10.00   1.0000e+00
   1535.0000   1.4125e-02   5.6500e-04   10.00   1.0000e+00
   1545.0000   2.2625e-02   9.0500e-04   10.00   1.0000e+00
   1555.0000   2.3435e-02   9.3740e-04   10.00   1.0000e+00
   1565.0000   1.9820e-02   7.9280e-04   10.00   1.0000e+00
   1575.0000   1.8435e-02   7.3740e-04   10.00   1.0000e+00
   1585.0000   1.7945e-02   7.1780e-04   10.00   1.0000e+00
   1595.0000   1.8710e-02   7.4840e-04   10.00   1.0000e+00
   1605.0000   2.0700e-02   8.2800e-04   10.00   1.0000e+00
   1615.0000   2.3815e-02   9.5260e-04   10.00   1.0000e+00
   1625.0000   2.7030e-02   1.0812e-03   10.00   1.0000e+00
   1635.0000   3.0875e-02   1.2350e-03   10.00   1.0000e+00
   1645.0000   3.2145e-02   1.2858e-03   10.00   1.0000e+00
   1655.0000   4.6160e-02   1.8464e-03   10.00   1.0000e+00
   1665.0000   4.2740e-02   1.7096e-03   10.00   1.0000e+00
   1675.0000   4.1415e-02   1.6566e-03   10.00   1.0000e+00
   1685.0000   4.8405e-02   1.9362e-03   10.00   1.0000e+00
   1695.0000   6.2390e-02   2.4956e-03   10.00   1.0000e+00
   1705.0000   7.0175e-02   2.8070e-03   10.00   1.0000e+00
   1715.0000   7.3305e-02   2.9322e-03   10.00   1.0000e+00
   1725.0000   7.7200e-02   3.0880e-03   10.00   1.0000e+00
   1735.0000   8.1255e-02   3.2502e-03   10.00   1.0000e+00
   1745.0000   9.6355e-02   3.8542e-03   10.00   1.0000e+00
   1755.0000   1.1470e-01   4.5880e-03   10.00   1.0000e+00
   1765.0000   1.2990e-01   5.1960e-03   10.00   1.0000e+00
   1775.0000   1.4970e-01   5.9880e-03   10.00   1.0000e+00
   1785.0000   1.6460e-01   6.5840e-03   10.00   1.0000e+00
   1795.0000   1.6850e-01   6.7400e-03   10.00   1.0000e+00
   1805.0000   1.9605e-01   7.8420e-03   10.00   1.0000e+00
   1815.0000   2.3990e-01   9.5960e-03   10.00   1.0000e+00
   1825.0000   2.3965e-01   9.5860e-03   10.00   1.0000e+00
   1835.0000   2.3920e-01   9.5680e-03   10.00   1.0000e+00
   1845.0000   2.1935e-01   8.7740e-03   10.00   1.0000e+00
   1855.0000   2.4535e-01   9.8140e-03   10.00   1.0000e+00
   1865.0000   2.8700e-01   1.1480e-02   10.00   1.0000e+00
   1875.0000   3.1980e-01   1.2792e-02   10.00   1.0000e+00
   1885.0000   3.4945e-01   1.3978e-02   10.00   1.0000e+00
   1895.0000   3.7935e-01   1.5174e-02   10.00   1.0000e+00
   1905.0000   3.9925e-01   1.5970e-02   10.00   1.0000e+00
   1915.0000   4.4220e-01   1.7688e-02   10.00   1.0000e+00
   1925.0000   4.3775e-01   1.7510e-02   10.00   1.0000e+00
   1935.0000   4.0320e-01   1.6128e-02   10.00   1.0000e+00
   1945.0000   5.5310e-01   2.2124e-02   10.00   1.0000e+00
   1955.0000   5.7685e-01   2.3074e-02   10.00   1.0000e+00
   1965.0000   6.3705e-01   2.5482e-02   10.00   1.0000e+00
   1975.0000   6.5715e-01   2.6286e-02   10.00   1.0000e+00
   1985.0000   6.5555e-01   2.6222e-02   10.00   1.0000e+00
   1995.0000   7.0520e-01   2.8208e-02   10.00   1.0000e+00
   2005.6490   7.7565e-01   3.1026e-02   10.00   1.0000e+00
   2015.6508   8.4975e-01   3.3990e-02   10.00   1.0000e+00
   2025.6526   8.7310e-01   3.4924e-02   10.00   1.0000e+00
   2035.6544   9.7430e-01   3.8972e-02   10.00   1.0000e+00
   2045.6562   1.0835e+00   4.3340e-02   10.00   1.0000e+00
   2055.6580   1.1160e+00   4.4640e-02   10.00   1.0000e+00
   2065.6599   1.1720e+00   4.6880e-02   10.00   1.0000e+00
   2075.6619   1.3410e+00   5.3640e-02   10.00   1.0000e+00
   2085.6638   1.5850e+00   6.3400e-02   10.00   1.0000e+00
   2095.6658   2.2330e+00   8.9320e-02   10.00   1.0000e+00
   2105.6677   2.9165e+00   1.1666e-01   10.00   1.0000e+00
   2115.6697   3.5010e+00   1.4004e-01   10.00   1.0000e+00
   2125.6716   3.2705e+00   1.3082e-01   10.00   1.0000e+00
   2135.6736   3.4465e+00   1.3786e-01   10.00   1.0000e+00
   2145.6755   4.1725e+00   1.6690e-01   10.00   1.0000e+00
   2155.6777   3.7715e+00   1.5086e-01   10.00   1.0000e+00
   2165.6797   3.3635e+00   1.3454e-01   10.00   1.0000e+00
   2175.6816   3.6665e+00   1.4666e-01   10.00   1.0000e+00
   2185.6838   4.6215e+00   1.8486e-01   10.00   1.0000e+00
   2195.6858   4.8890e+00   1.9556e-01   10.00   1.0000e+00
   2205.6880   4.9330e+00   1.9732e-01   10.00   1.0000e+00
   2215.6899   4.1195e+00   1.6478e-01   10.00   1.0000e+00
   2225.6921   5.1570e+00   2.0628e-01   10.00   1.0000e+00
   2235.6943   6.5405e+00   2.6162e-01   10.00   1.0000e+00
   2245.6965   6.1255e+00   2.4502e-01   10.00   1.0000e+00
   2255.6985   5.4450e+00   2.1780e-01   10.00   1.0000e+00
   2265.7007   4.1100e+00   1.6440e-01   10.00   1.0000e+00
   2275.7029   4.1340e+00   1.6536e-01   10.00   1.0000e+00
   2285.7051   5.3965e+00   2.1586e-01   10.00   1.0000e+00
   2295.7073   4.9550e+00   1.9820e-01   10.00   1.0000e+00
   2305.7095   5.4160e+00   2.1664e-01   10.00   1.0000e+00
   2315.7117   5.2955e+00   2.1182e-01   10.00   1.0000e+00
   2325.7139   5.5275e+00   2.2110e-01   10.00   1.0000e+00
   2335.7161   4.6635e+00   1.8654e-01   10.00   1.0000e+00
   2345.7183   4.0555e+00   1.6222e-01   10.00   1.0000e+00
   2355.7205   5.3350e+00   2.1340e-01   10.00   1.0000e+00
   2365.7227   5.0550e+00   2.0220e-01   10.00   1.0000e+00
   2375.7251   5.0410e+00   2.0164e-01   10.00   1.0000e+00
   2385.7273   4.3610e+00   1.7444e-01   10.00   1.0000e+00
   2395.7295   4.5940e+00   1.8376e-01   10.00   1.0000e+00
   2405.7317   4.1095e+00   1.6438e-01   10.00   1.0000e+00
   2415.7341   5.3265e+00   2.1306e-01   10.00   1.0000e+00
   2425.7363   7.3245e+00   2.9298e-01   10.00   1.0000e+00
   2435.7385   6.9055e+00   2.7622e-01   10.00   1.0000e+00
   2445.7410   6.3400e+00   2.5360e-01   10.00   1.0000e+00
   2455.7432   5.1465e+00   2.0586e-01   10.00   1.0000e+00
   2465.7456   5.2450e+00   2.0980e-01   10.00   1.0000e+00
   2475.7478   5.7705e+00   2.3082e-01   10.00   1.0000e+00
   2485.7502   4.7485e+00   1.8994e-01   10.00   1.0000e+00
   2495.7524   5.8590e+00   2.3436e-01   10.00   1.0000e+00
   2505.7549   6.2665e+00   2.5066e-01   10.00   1.0000e+00
   2515.7571   4.8065e+00   1.9226e-01   10.00   1.0000e+00
   2525.7595   4.3185e+00   1.7274e-01   10.00   1.0000e+00
   2535.7617   5.3615e+00   2.1446e-01   10.00   1.0000e+00
   2545.7642   6.1960e+00   2.4784e-01   10.00   1.0000e+00
   2555.7666   8.2240e+00   3.2896e-01   10.00   1.0000e+00
   2565.7688   1.0550e+01   4.2200e-01   10.00   1.0000e+00
   2575.7712   1.3010e+01   5.2040e-01   10.00   1.0000e+00
   2585.7737   1.2980e+01   5.1920e-01   10.00   1.0000e+00
   2595.7759   1.0850e+01   4.3400e-01   10.00   1.0000e+00
   2605.7783   8.9155e+00   3.5662e-01   10.00   1.0000e+00
   2615.7808   9.3045e+00   3.7218e-01   10.00   1.0000e+00
   2625.7830   1.0800e+01   4.3200e-01   10.00   1.0000e+00
   2635.7854   1.6955e+01   6.7820e-01   10.00   1.0000e+00
   2645.7878   2.5910e+01   1.0364e+00   10.00   1.0000e+00
   2655.7903   2.6255e+01   1.0502e+00   10.00   1.0000e+00
   2665.7927   2.5895e+01   1.0358e+00   10.00   1.0000e+00
   2675.7949   2.6060e+01   1.0424e+00   10.00   1.0000e+00
   2685.7974   2.5335e+01   1.0134e+00   10.00   1.0000e+00
   2695.7998   2.4810e+01   9.9240e-01   10.00   1.0000e+00
   2705.8022   2.7760e+01   1.1104e+00   10.00   1.0000e+00
   2715.8047   2.3295e+01   9.3180e-01   10.00   1.0000e+00
   2725.8071   2.0485e+01   8.1940e-01   10.00   1.0000e+00
   2735.8096   2.0535e+01   8.2140e-01   10.00   1.0000e+00
   2745.8120   1.3815e+01   5.5260e-01   10.00   1.0000e+00
   2755.8145   1.8155e+01   7.2620e-01   10.00   1.0000e+00
   2765.8169   2.5205e+01   1.0082e+00   10.00   1.0000e+00
   2775.8191   2.4330e+01   9.7320e-01   10.00   1.0000e+00
   2785.8215   1.6540e+01   6.6160e-01   10.00   1.0000e+00
   2795.8240   9.0585e+00   3.6234e-01   10.00   1.0000e+00
   2805.8264   9.9785e+00   3.9914e-01   10.00   1.0000e+00
   2815.8289   2.1690e+01   8.6760e-01   10.00   1.0000e+00
   2825.8315   3.0475e+01   1.2190e+00   10.00   1.0000e+00
   2835.8340   3.2530e+01   1.3012e+00   10.00   1.0000e+00
   2845.8364   2.4475e+01   9.7900e-01   10.00   1.0000e+00
   2855.8389   1.6960e+01   6.7840e-01   10.00   1.0000e+00
   2865.8413   3.3340e+01   1.3336e+00   10.00   1.0000e+00
   2875.8438   3.4790e+01   1.3916e+00   10.00   1.0000e+00
   2885.8462   3.3290e+01   1.3316e+00   10.00   1.0000e+00
   2895.8486   4.8920e+01   1.9568e+00   10.00   1.0000e+00
   2905.8511   6.2255e+01   2.4902e+00   10.00   1.0000e+00
   2915.8535   6.0180e+01   2.4072e+00   10.00   1.0000e+00
   2925.8560   5.3950e+01   2.1580e+00   10.00   1.0000e+00
   2935.8586   5.5450e+01   2.2180e+00   10.00   1.0000e+00
   2945.8611   5.2680e+01   2.1072e+00   10.00   1.0000e+00
   2955.8635   5.7115e+01   2.2846e+00   10.00   1.0000e+00
   2965.8660   5.2580e+01   2.1032e+00   10.00   1.0000e+00
   2975.8684   5.2465e+01   2.0986e+00   10.00   1.0000e+00
   2985.8708   4.8200e+01   1.9280e+00   10.00   1.0000e+00
   2995.8735   5.0155e+01   2.0062e+00   10.00   1.0000e+00
   3005.8760   4.3615e+01   1.7446e+00   10.00   1.0000e+00
   3015.8784   4.7275e+01   1.8910e+00   10.00   1.0000e+00
   3025.8809   5.0690e+01   2.0276e+00   10.00   1.0000e+00
   3035.8833   6.4455e+01   2.5782e+00   10.00   1.0000e+00
   3045.8860   6.2550e+01   2.5020e+00   10.00   1.0000e+00
   3055.8884   6.1675e+01   2.4670e+00   10.00   1.0000e+00
   3065.8909   5.7705e+01   2.3082e+00   10.00   1.0000e+00
   3075.8933   6.3850e+01   2.5540e+00   10.00   1.0000e+00
   3085.8960   6.3510e+01   2.5404e+00   10.00   1.0000e+00
   3095.8984   5.1645e+01   2.0658e+00   10.00   1.0000e+00
   3105.9009   6.4820e+01   2.5928e+00   10.00   1.0000e+00
   3115.9036   7.5640e+01   3.0256e+00   10.00   1.0000e+00
   3125.9060   6.8080e+01   2.7232e+00   10.00   1.0000e+00
   3135.9084   7.2580e+01   2.9032e+00   10.00   1.0000e+00
   3145.9111   6.8815e+01   2.7526e+00   10.00   1.0000e+00
   3155.9136   6.5685e+01   2.6274e+00   10.00   1.0000e+00
   3165.9160   6.5600e+01   2.6240e+00   10.00   1.0000e+00
   3175.9185   8.0250e+01   3.2100e+00   10.00   1.0000e+00
   3185.9211   6.9035e+01   2.7614e+00   10.00   1.0000e+00
   3195.9236   7.3860e+01   2.9544e+00   10.00   1.0000e+00
   3205.9263   8.3490e+01   3.3396e+00   10.00   1.0000e+00
   3215.9287   7.2595e+01   2.9038e+00   10.00   1.0000e+00
   3225.9312   7.1450e+01   2.8580e+00   10.00   1.0000e+00
   3235.9338   6.8625e+01   2.7450e+00   10.00   1.0000e+00
   3245.9363   7.8960e+01   3.1584e+00   10.00   1.0000e+00
   3255.9387   9.0990e+01   3.6396e+00   10.00   1.0000e+00
   3265.9414   1.0155e+02   4.0620e+00   10.00   1.0000e+00
   3275.9438   9.8830e+01   3.9532e+00   10.00   1.0000e+00
   3285.9465   9.5210e+01   3.8084e+00   10.00   1.0000e+00
   3295.9490   1.1000e+02   4.4000e+00   10.00   1.0000e+00
   3305.9514   1.0535e+02   4.2140e+00   10.00   1.0000e+00
   3315.9541   1.0014e+02   4.0054e+00   10.00   1.0000e+00
   3325.9565   9.9070e+01   3.9628e+00   10.00   1.0000e+00
   3335.9592   9.5490e+01   3.8196e+00   10.00   1.0000e+00
   3345.9617   9.9390e+01   3.9756e+00   10.00   1.0000e+00
   3355.9644   9.7755e+01   3.9102e+00   10.00   1.0000e+00
   3365.9668   8.3960e+01   3.3584e+00   10.00   1.0000e+00
   3375.9695   8.7360e+01   3.4944e+00   10.00   1.0000e+00
   3385.9719   9.5600e+01   3.8240e+00   10.00   1.0000e+00
   3395.9744   9.9445e+01   3.9778e+00   10.00   1.0000e+00
   3405.9771   1.0430e+02   4.1720e+00   10.00   1.0000e+00
   3415.9795   9.5850e+01   3.8340e+00   10.00   1.0000e+00
   3425.9822   1.0305e+02   4.1220e+00   10.00   1.0000e+00
   3435.9846   9.8705e+01   3.9482e+00   10.00   1.0000e+00
   3445.9873   8.2690e+01   3.3076e+00   10.00   1.0000e+00
   3455.9897   9.7350e+01   3.8940e+00   10.00   1.0000e+00
   3465.9924   9.6075e+01   3.8430e+00   10.00   1.0000e+00
   3475.9949   9.3520e+01   3.7408e+00   10.00   1.0000e+00
   3485.9976   9.3150e+01   3.7260e+00   10.00   1.0000e+00
   3496.0000   9.2430e+01   3.6972e+00   10.00   1.0000e+00
   3506.0027   1.0875e+02   4.3500e+00   10.00   1.0000e+00
   3516.0054   1.0165e+02   4.0660e+00   10.00   1.0000e+00
   3526.0078   9.4240e+01   3.7696e+00   10.00   1.0000e+00
   3536.0105   1.0715e+02   4.2860e+00   10.00   1.0000e+00
   3546.0129   1.1505e+02   4.6020e+00   10.00   1.0000e+00
   3556.0156   1.0840e+02   4.3360e+00   10.00   1.0000e+00
   3566.0181   9.4270e+01   3.7708e+00   10.00   1.0000e+00
   3576.0208   8.2595e+01   3.3038e+00   10.00   1.0000e+00
   3586.0232   7.2110e+01   2.8844e+00   10.00   1.0000e+00
   3596.0259   1.0305e+02   4.1220e+00   10.00   1.0000e+00
   3606.0283   1.0050e+02   4.0200e+00   10.00   1.0000e+00
   3616.0310   9.1195e+01   3.6478e+00   10.00   1.0000e+00
   3626.0337   1.0355e+02   4.1420e+00   10.00   1.0000e+00
   3636.0361   1.0340e+02   4.1360e+00   10.00   1.0000e+00
   3646.0388   1.0510e+02   4.2040e+00   10.00   1.0000e+00
   3656.0413   1.1965e+02   4.7860e+00   10.00   1.0000e+00
   3666.0439   1.2790e+02   5.1160e+00   10.00   1.0000e+00
   3676.0466   1.2255e+02   4.9020e+00   10.00   1.0000e+00
   3686.0491   1.1435e+02   4.5740e+00   10.00   1.0000e+00
   3696.0518   1.2750e+02   5.1000e+00   10.00   1.0000e+00
   3706.0542   1.1855e+02   4.7420e+00   10.00   1.0000e+00
   3716.0569   1.2200e+02   4.8800e+00   10.00   1.0000e+00
   3726.0596   1.0965e+02   4.3860e+00   10.00   1.0000e+00
   3736.0620   9.5745e+01   3.8298e+00   10.00   1.0000e+00
   3746.0647   9.3685e+01   3.7474e+00   10.00   1.0000e+00
   3756.0671   1.1030e+02   4.4120e+00   10.00   1.0000e+00
   3766.0698   1.1280e+02   4.5120e+00   10.00   1.0000e+00
   3776.0725   1.3305e+02   5.3220e+00   10.00   1.0000e+00
   3786.0750   1.3755e+02   5.5020e+00   10.00   1.0000e+00
   3796.0776   1.1075e+02   4.4300e+00   10.00   1.0000e+00
   3806.0803   1.2455e+02   4.9820e+00   10.00   1.0000e+00
   3816.0828   1.1185e+02   4.4740e+00   10.00   1.0000e+00
   3826.0854   8.1950e+01   3.2780e+00   10.00   1.0000e+00
   3836.0881   7.1095e+01   2.8438e+00   10.00   1.0000e+00
   3846.0906   9.9320e+01   3.9728e+00   10.00   1.0000e+00
   3856.0933   1.0455e+02   4.1820e+00   10.00   1.0000e+00
   3866.0957   1.0430e+02   4.1720e+00   10.00   1.0000e+00
   3876.0984   1.0390e+02   4.1560e+00   10.00   1.0000e+00
   3886.1011   1.0195e+02   4.0780e+00   10.00   1.0000e+00
   3896.1035   1.2145e+02   4.8580e+00   10.00   1.0000e+00
   3906.1062   1.2895e+02   5.1580e+00   10.00   1.0000e+00
   3916.1089   1.3875e+02   5.5500e+00   10.00   1.0000e+00
   3926.1113   1.0570e+02   4.2280e+00   10.00   1.0000e+00
   3936.1140   6.0455e+01   2.4182e+00   10.00   1.0000e+00
   3946.1167   1.0630e+02   4.2520e+00   10.00   1.0000e+00
   3956.1194   1.3605e+02   5.4420e+00   10.00   1.0000e+00
   3966.1218   8.8405e+01   3.5362e+00   10.00   1.0000e+00
   3976.1245   9.5880e+01   3.8352e+00   10.00   1.0000e+00
   3986.1272   1.5765e+02   6.3060e+00   10.00   1.0000e+00
   3996.1296   1.7225e+02   6.8900e+00   10.00   1.0000e+00
   4006.1323   1.7420e+02   6.9680e+00   10.00   1.0000e+00
   4016.1350   1.8120e+02   7.2480e+00   10.00   1.0000e+00
   4026.1375   1.8255e+02   7.3020e+00   10.00   1.0000e+00
   4036.1401   1.7495e+02   6.9980e+00   10.00   1.0000e+00
   4046.1428   1.7380e+02   6.9520e+00   10.00   1.0000e+00
   4056.1455   1.7315e+02   6.9260e+00   10.00   1.0000e+00
   4066.1479   1.6510e+02   6.6040e+00   10.00   1.0000e+00
   4076.1506   1.6880e+02   6.7520e+00   10.00   1.0000e+00
   4086.1533   1.7995e+02   7.1980e+00   10.00   1.0000e+00
   4096.1558   1.7760e+02   7.1040e+00   10.00   1.0000e+00
   4106.1587   1.5040e+02   6.0160e+00   10.00   1.0000e+00
   4116.1611   1.8220e+02   7.2880e+00   10.00   1.0000e+00
   4126.1636   1.7940e+02   7.1760e+00   10.00   1.0000e+00
   4136.1665   1.7600e+02   7.0400e+00   10.00   1.0000e+00
   4146.1689   1.7410e+02   6.9640e+00   10.00   1.0000e+00
   4156.1714   1.7380e+02   6.9520e+00   10.00   1.0000e+00
   4166.1743   1.8470e+02   7.3880e+00   10.00   1.0000e+00
   4176.1768   1.6690e+02   6.6760e+00   10.00   1.0000e+00
   4186.1797   1.6880e+02   6.7520e+00   10.00   1.0000e+00
   4196.1821   1.7050e+02   6.8200e+00   10.00   1.0000e+00
   4206.1846   1.7620e+02   7.0480e+00   10.00   1.0000e+00
   4216.1875   1.8020e+02   7.2080e+00   10.00   1.0000e+00
   4226.1899   1.5860e+02   6.3440e+00   10.00   1.0000e+00
   4236.1924   1.7150e+02   6.8600e+00   10.00   1.0000e+00
   4246.1953   1.7720e+02   7.0880e+00   10.00   1.0000e+00
   4256.1978   1.6990e+02   6.7960e+00   10.00   1.0000e+00
   4266.2007   1.7020e+02   6.8080e+00   10.00   1.0000e+00
   4276.2031   1.5730e+02   6.2920e+00   10.00   1.0000e+00
   4286.2056   1.5910e+02   6.3640e+00   10.00   1.0000e+00
   4296.2085   1.4790e+02   5.9160e+00   10.00   1.0000e+00
   4306.2109   1.1380e+02   4.5520e+00   10.00   1.0000e+00
   4316.2134   1.6900e+02   6.7600e+00   10.00   1.0000e+00
   4326.2163   1.6500e+02   6.6000e+00   10.00   1.0000e+00
   4336.2188   1.7350e+02   6.9400e+00   10.00   1.0000e+00
   4346.2217   1.6740e+02   6.6960e+00   10.00   1.0000e+00
   4356.2241   1.7270e+02   6.9080e+00   10.00   1.0000e+00
   4366.2266   1.9340e+02   7.7360e+00   10.00   1.0000e+00
   4376.2295   1.8110e+02   7.2440e+00   10.00   1.0000e+00
   4386.2319   1.5710e+02   6.2840e+00   10.00   1.0000e+00
   4396.2349   1.8300e+02   7.3200e+00   10.00   1.0000e+00
   4406.2373   1.7170e+02   6.8680e+00   10.00   1.0000e+00
   4416.2397   1.9360e+02   7.7440e+00   10.00   1.0000e+00
   4426.2427   1.9850e+02   7.9400e+00   10.00   1.0000e+00
   4436.2451   1.9140e+02   7.6560e+00   10.00   1.0000e+00
   4446.2480   1.9780e+02   7.9120e+00   10.00   1.0000e+00
   4456.2505   1.8260e+02   7.3040e+00   10.00   1.0000e+00
   4466.2529   1.8960e+02   7.5840e+00   10.00   1.0000e+00
   4476.2559   2.0820e+02   8.3280e+00   10.00   1.0000e+00
   4486.2583   1.9780e+02   7.9120e+00   10.00   1.0000e+00
   4496.2612   2.0320e+02   8.1280e+00   10.00   1.0000e+00
   4506.2637   2.1490e+02   8.5960e+00   10.00   1.0000e+00
   4516.2661   2.1140e+02   8.4560e+00   10.00   1.0000e+00
   4526.2690   1.9460e+02   7.7840e+00   10.00   1.0000e+00
   4536.2715   1.9750e+02   7.9000e+00   10.00   1.0000e+00
   4546.2744   1.9840e+02   7.9360e+00   10.00   1.0000e+00
   4556.2769   2.0390e+02   8.1560e+00   10.00   1.0000e+00
   4566.2793   2.0820e+02   8.3280e+00   10.00   1.0000e+00
   4576.2822   2.1050e+02   8.4200e+00   10.00   1.0000e+00
   4586.2847   1.9760e+02   7.9040e+00   10.00   1.0000e+00
   4596.2876   2.0140e+02   8.0560e+00   10.00   1.0000e+00
   4606.2900   2.0450e+02   8.1800e+00   10.00   1.0000e+00
   4616.2930   2.0600e+02   8.2400e+00   10.00   1.0000e+00
   4626.2954   2.1090e+02   8.4360e+00   10.00   1.0000e+00
   4636.2979   2.0450e+02   8.1800e+00   10.00   1.0000e+00
   4646.3008   1.9810e+02   7.9240e+00   10.00   1.0000e+00
   4656.3032   2.0470e+02   8.1880e+00   10.00   1.0000e+00
   4666.3062   1.9260e+02   7.7040e+00   10.00   1.0000e+00
   4676.3086   2.0200e+02   8.0800e+00   10.00   1.0000e+00
   4686.3110   1.9990e+02   7.9960e+00   10.00   1.0000e+00
   4696.3140   1.9950e+02   7.9800e+00   10.00   1.0000e+00
   4706.3164   1.8820e+02   7.5280e+00   10.00   1.0000e+00
   4716.3193   2.0230e+02   8.0920e+00   10.00   1.0000e+00
   4726.3218   2.0460e+02   8.1840e+00   10.00   1.0000e+00
   4736.3247   1.9960e+02   7.9840e+00   10.00   1.0000e+00
   4746.3271   2.0560e+02   8.2240e+00   10.00   1.0000e+00
   4756.3296   2.0210e+02   8.0840e+00   10.00   1.0000e+00
   4766.3325   1.9610e+02   7.8440e+00   10.00   1.0000e+00
   4776.3350   2.0800e+02   8.3200e+00   10.00   1.0000e+00
   4786.3379   2.0140e+02   8.0560e+00   10.00   1.0000e+00
   4796.3403   2.0810e+02   8.3240e+00   10.00   1.0000e+00
   4806.3433   2.0400e+02   8.1600e+00   10.00   1.0000e+00
   4816.3457   2.0950e+02   8.3800e+00   10.00   1.0000e+00
   4826.3481   2.0280e+02   8.1120e+00   10.00   1.0000e+00
   4836.3511   2.0240e+02   8.0960e+00   10.00   1.0000e+00
   4846.3535   1.9740e+02   7.8960e+00   10.00   1.0000e+00
   4856.3564   1.8350e+02   7.3400e+00   10.00   1.0000e+00
   4866.3589   1.6290e+02   6.5160e+00   10.00   1.0000e+00
   4876.3618   1.8350e+02   7.3400e+00   10.00   1.0000e+00
   4886.3643   1.9190e+02   7.6760e+00   10.00   1.0000e+00
   4896.3667   1.9650e+02   7.8600e+00   10.00   1.0000e+00
   4906.3696   2.0120e+02   8.0480e+00   10.00   1.0000e+00
   4916.3721   1.9010e+02   7.6040e+00   10.00   1.0000e+00
   4926.3750   1.9010e+02   7.6040e+00   10.00   1.0000e+00
   4936.3774   1.8930e+02   7.5720e+00   10.00   1.0000e+00
   4946.3804   2.0630e+02   8.2520e+00   10.00   1.0000e+00
   4956.3828   1.9310e+02   7.7240e+00   10.00   1.0000e+00
   4966.3857   2.0220e+02   8.0880e+00   10.00   1.0000e+00
   4976.3882   2.0230e+02   8.0920e+00   10.00   1.0000e+00
   4986.3906   1.8710e+02   7.4840e+00   10.00   1.0000e+00
   4996.3936   1.9750e+02   7.9000e+00   10.00   1.0000e+00
   5006.3960   1.8620e+02   7.4480e+00   10.00   1.0000e+00
   5016.3989   1.8170e+02   7.2680e+00   10.00   1.0000e+00
   5026.4014   1.8990e+02   7.5960e+00   10.00   1.0000e+00
   5036.4043   1.9390e+02   7.7560e+00   10.00   1.0000e+00
   5046.4067   1.8740e+02   7.4960e+00   10.00   1.0000e+00
   5056.4097   1.9980e+02   7.9920e+00   10.00   1.0000e+00
   5066.4121   1.9660e+02   7.8640e+00   10.00   1.0000e+00
   5076.4146   1.9110e+02   7.6440e+00   10.00   1.0000e+00
   5086.4175   1.9240e+02   7.6960e+00   10.00   1.0000e+00
   5096.4199   1.9210e+02   7.6840e+00   10.00   1.0000e+00
   5106.4229   1.9520e+02   7.8080e+00   10.00   1.0000e+00
   5116.4253   2.0020e+02   8.0080e+00   10.00   1.0000e+00
   5126.4282   1.8720e+02   7.4880e+00   10.00   1.0000e+00
   5136.4307   1.8660e+02   7.4640e+00   10.00   1.0000e+00
   5146.4336   1.8790e+02   7.5160e+00   10.00   1.0000e+00
   5156.4360   1.9050e+02   7.6200e+00   10.00   1.0000e+00
   5166.4385   1.6730e+02   6.6920e+00   10.00   1.0000e+00
   5176.4414   1.7300e+02   6.9200e+00   10.00   1.0000e+00
   5186.4438   1.6580e+02   6.6320e+00   10.00   1.0000e+00
   5196.4468   1.8330e+02   7.3320e+00   10.00   1.0000e+00
   5206.4492   1.8360e+02   7.3440e+00   10.00   1.0000e+00
   5216.4521   1.9110e+02   7.6440e+00   10.00   1.0000e+00
   5226.4546   1.8280e+02   7.3120e+00   10.00   1.0000e+00
   5236.4575   1.8990e+02   7.5960e+00   10.00   1.0000e+00
   5246.4600   1.9630e+02   7.8520e+00   10.00   1.0000e+00
   5256.4629   1.9350e+02   7.7400e+00   10.00   1.0000e+00
   5266.4653   1.6780e+02   6.7120e+00   10.00   1.0000e+00
   5276.4678   1.8330e+02   7.3320e+00   10.00   1.0000e+00
   5286.4707   1.9020e+02   7.6080e+00   10.00   1.0000e+00
   5296.4731   1.9230e+02   7.6920e+00   10.00   1.0000e+00
   5306.4761   1.9570e+02   7.8280e+00   10.00   1.0000e+00
   5316.4785   1.9680e+02   7.8720e+00   10.00   1.0000e+00
   5326.4814   1.7750e+02   7.1000e+00   10.00   1.0000e+00
   5336.4839   1.9280e+02   7.7120e+00   10.00   1.0000e+00
   5346.4868   1.8630e+02   7.4520e+00   10.00   1.0000e+00
   5356.4893   1.9950e+02   7.9800e+00   10.00   1.0000e+00
   5366.4922   1.8760e+02   7.5040e+00   10.00   1.0000e+00
   5376.4946   1.8870e+02   7.5480e+00   10.00   1.0000e+00
   5386.4976   1.9090e+02   7.6360e+00   10.00   1.0000e+00
   5396.5000   1.8370e+02   7.3480e+00   10.00   1.0000e+00
   5406.5024   1.7740e+02   7.0960e+00   10.00   1.0000e+00
   5416.5054   1.8860e+02   7.5440e+00   10.00   1.0000e+00
   5426.5078   1.8300e+02   7.3200e+00   10.00   1.0000e+00
   5436.5107   1.8840e+02   7.5360e+00   10.00   1.0000e+00
   5446.5132   1.8840e+02   7.5360e+00   10.00   1.0000e+00
   5456.5161   1.9060e+02   7.6240e+00   10.00   1.0000e+00
   5466.5186   1.8840e+02   7.5360e+00   10.00   1.0000e+00
   5476.5215   1.8380e+02   7.3520e+00   10.00   1.0000e+00
   5486.5239   1.8680e+02   7.4720e+00   10.00   1.0000e+00
   5496.5269   1.9000e+02   7.6000e+00   10.00   1.0000e+00
   5506.5293   1.8670e+02   7.4680e+00   10.00   1.0000e+00
   5516.5322   1.8760e+02   7.5040e+00   10.00   1.0000e+00
   5526.5347   1.8510e+02   7.4040e+00   10.00   1.0000e+00
   5536.5376   1.8870e+02   7.5480e+00   10.00   1.0000e+00
   5546.5400   1.9030e+02   7.6120e+00   10.00   1.0000e+00
   5556.5430   1.9020e+02   7.6080e+00   10.00   1.0000e+00
   5566.5454   1.8260e+02   7.3040e+00   10.00   1.0000e+00
   5576.5479   1.8510e+02   7.4040e+00   10.00   1.0000e+00
   5586.5508   1.7920e+02   7.1680e+00   10.00   1.0000e+00
   5596.5532   1.8130e+02   7.2520e+00   10.00   1.0000e+00
   5606.5562   1.8480e+02   7.3920e+00   10.00   1.0000e+00
   5616.5586   1.8290e+02   7.3160e+00   10.00   1.0000e+00
   5626.5615   1.8550e+02   7.4200e+00   10.00   1.0000e+00
   5636.5640   1.8660e+02   7.4640e+00   10.00   1.0000e+00
   5646.5669   1.8590e+02   7.4360e+00   10.00   1.0000e+00
   5656.5693   1.8030e+02   7.2120e+00   10.00   1.0000e+00
   5666.5723   1.8340e+02   7.3360e+00   10.00   1.0000e+00
   5676.5747   1.8920e+02   7.5680e+00   10.00   1.0000e+00
   5686.5776   1.8150e+02   7.2600e+00   10.00   1.0000e+00
   5696.5801   1.8650e+02   7.4600e+00   10.00   1.0000e+00
   5706.5830   1.7740e+02   7.0960e+00   10.00   1.0000e+00
   5716.5854   1.8280e+02   7.3120e+00   10.00   1.0000e+00
   5726.5884   1.8970e+02   7.5880e+00   10.00   1.0000e+00
   5736.5908   1.8810e+02   7.5240e+00   10.00   1.0000e+00
   5746.5938   1.8720e+02   7.4880e+00   10.00   1.0000e+00
   5756.5962   1.8350e+02   7.3400e+00   10.00   1.0000e+00
   5766.5991   1.8510e+02   7.4040e+00   10.00   1.0000e+00
   5776.6016   1.8620e+02   7.4480e+00   10.00   1.0000e+00
   5786.6040   1.7880e+02   7.1520e+00   10.00   1.0000e+00
   5796.6069   1.8330e+02   7.3320e+00   10.00   1.0000e+00
   5806.6094   1.8430e+02   7.3720e+00   10.00   1.0000e+00
   5816.6123   1.8580e+02   7.4320e+00   10.00   1.0000e+00
   5826.6147   1.8780e+02   7.5120e+00   10.00   1.0000e+00
   5836.6177   1.8620e+02   7.4480e+00   10.00   1.0000e+00
   5846.6201   1.8650e+02   7.4600e+00   10.00   1.0000e+00
   5856.6230   1.7880e+02   7.1520e+00   10.00   1.0000e+00
   5866.6255   1.8350e+02   7.3400e+00   10.00   1.0000e+00
   5876.6284   1.8530e+02   7.4120e+00   10.00   1.0000e+00
   5886.6309   1.7540e+02   7.0160e+00   10.00   1.0000e+00
   5896.6338   1.6160e+02   6.4640e+00   10.00   1.0000e+00
   5906.6362   1.8180e+02   7.2720e+00   10.00   1.0000e+00
   5916.6392   1.7920e+02   7.1680e+00   10.00   1.0000e+00
   5926.6416   1.8130e+02   7.2520e+00   10.00   1.0000e+00
   5936.6445   1.8010e+02   7.2040e+00   10.00   1.0000e+00
   5946.6470   1.7780e+02   7.1120e+00   10.00   1.0000e+00
   5956.6499   1.7870e+02   7.1480e+00   10.00   1.0000e+00
   5966.6523   1.8100e+02   7.2400e+00   10.00   1.0000e+00
   5976.6553   1.7850e+02   7.1400e+00   10.00   1.0000e+00
   5986.6577   1.7620e+02   7.0480e+00   10.00   1.0000e+00
   5996.6606   1.7790e+02   7.1160e+00   10.00   1.0000e+00
   6006.6631   1.7500e+02   7.0000e+00   10.00   1.0000e+00
   6016.6660   1.7550e+02   7.0200e+00   10.00   1.0000e+00
   6026.6685   1.7230e+02   6.8920e+00   10.00   1.0000e+00
   6036.6714   1.7920e+02   7.1680e+00   10.00   1.0000e+00
   6046.6738   1.7810e+02   7.1240e+00   10.00   1.0000e+00
   6056.6768   1.7680e+02   7.0720e+00   10.00   1.0000e+00
   6066.6792   1.7640e+02   7.0560e+00   10.00   1.0000e+00
   6076.6821   1.7620e+02   7.0480e+00   10.00   1.0000e+00
   6086.6846   1.7470e+02   6.9880e+00   10.00   1.0000e+00
   6096.6875   1.7480e+02   6.9920e+00   10.00   1.0000e+00
   6106.6899   1.7070e+02   6.8280e+00   10.00   1.0000e+00
   6116.6929   1.7500e+02   7.0000e+00   10.00   1.0000e+00
   6126.6953   1.7090e+02   6.8360e+00   10.00   1.0000e+00
   6136.6982   1.6870e+02   6.7480e+00   10.00   1.0000e+00
   6146.7007   1.7170e+02   6.8680e+00   10.00   1.0000e+00
   6156.7036   1.7170e+02   6.8680e+00   10.00   1.0000e+00
   6166.7061   1.6130e+02   6.4520e+00   10.00   1.0000e+00
   6176.7090   1.7110e+02   6.8440e+00   10.00   1.0000e+00
   6186.7114   1.7280e+02   6.9120e+00   10.00   1.0000e+00
   6196.7144   1.7110e+02   6.8440e+00   10.00   1.0000e+00
   6206.7168   1.7380e+02   6.9520e+00   10.00   1.0000e+00
   6216.7192   1.6940e+02   6.7760e+00   10.00   1.0000e+00
   6226.7222   1.7170e+02   6.8680e+00   10.00   1.0000e+00
   6236.7246   1.6700e+02   6.6800e+00   10.00   1.0000e+00
   6246.7275   1.6600e+02   6.6400e+00   10.00   1.0000e+00
   6256.7300   1.6360e+02   6.5440e+00   10.00   1.0000e+00
   6266.7329   1.7010e+02   6.8040e+00   10.00   1.0000e+00
   6276.7354   1.7010e+02   6.8040e+00   10.00   1.0000e+00
   6286.7383   1.7010e+02   6.8040e+00   10.00   1.0000e+00
   6296.7407   1.6810e+02   6.7240e+00   10.00   1.0000e+00
   6311.7451   1.6430e+02   6.5720e+00   10.00   1.0000e+00
   6331.7505   1.6550e+02   6.6200e+00   10.00   1.0000e+00
   6351.7559   1.6600e+02   6.6400e+00   10.00   1.0000e+00
   6371.7612   1.6580e+02   6.6320e+00   10.00   1.0000e+00
   6391.7666   1.6550e+02   6.6200e+00   10.00   1.0000e+00
   6411.7720   1.6180e+02   6.4720e+00   10.00   1.0000e+00
   6431.7773   1.6250e+02   6.5000e+00   10.00   1.0000e+00
   6451.7827   1.6310e+02   6.5240e+00   10.00   1.0000e+00
   6471.7881   1.6070e+02   6.4280e+00   10.00   1.0000e+00
   6491.7935   1.5620e+02   6.2480e+00   10.00   1.0000e+00
   6511.7988   1.6100e+02   6.4400e+00   10.00   1.0000e+00
   6531.8042   1.6030e+02   6.4120e+00   10.00   1.0000e+00
   6551.8096   1.5360e+02   6.1440e+00   10.00   1.0000e+00
   6571.8149   1.3880e+02   5.5520e+00   10.00   1.0000e+00
   6591.8203   1.5530e+02   6.2120e+00   10.00   1.0000e+00
   6611.8257   1.5750e+02   6.3000e+00   10.00   1.0000e+00
   6631.8311   1.5590e+02   6.2360e+00   10.00   1.0000e+00
   6651.8364   1.5640e+02   6.2560e+00   10.00   1.0000e+00
   6671.8418   1.5390e+02   6.1560e+00   10.00   1.0000e+00
   6691.8472   1.5500e+02   6.2000e+00   10.00   1.0000e+00
   6711.8525   1.5200e+02   6.0800e+00   10.00   1.0000e+00
   6731.8579   1.5250e+02   6.1000e+00   10.00   1.0000e+00
   6751.8633   1.5140e+02   6.0560e+00   10.00   1.0000e+00
   6771.8687   1.5120e+02   6.0480e+00   10.00   1.0000e+00
   6791.8740   1.5020e+02   6.0080e+00   10.00   1.0000e+00
   6811.8794   1.4960e+02   5.9840e+00   10.00   1.0000e+00
   6831.8848   1.4830e+02   5.9320e+00   10.00   1.0000e+00
   6851.8901   1.4590e+02   5.8360e+00   10.00   1.0000e+00
   6871.8955   1.4710e+02   5.8840e+00   10.00   1.0000e+00
   6891.9009   1.4650e+02   5.8600e+00   10.00   1.0000e+00
   6911.9062   1.4520e+02   5.8080e+00   10.00   1.0000e+00
   6931.9116   1.4520e+02   5.8080e+00   10.00   1.0000e+00
   6951.9170   1.4400e+02   5.7600e+00   10.00   1.0000e+00
   6971.9224   1.4200e+02   5.6800e+00   10.00   1.0000e+00
   6991.9277   1.4290e+02   5.7160e+00   10.00   1.0000e+00
   7011.9331   1.3900e+02   5.5600e+00   10.00   1.0000e+00
   7031.9385   1.3920e+02   5.5680e+00   10.00   1.0000e+00
   7051.9438   1.4190e+02   5.6760e+00   10.00   1.0000e+00
   7071.9492   1.4040e+02   5.6160e+00   10.00   1.0000e+00
   7091.9546   1.3880e+02   5.5520e+00   10.00   1.0000e+00
   7111.9600   1.3890e+02   5.5560e+00   10.00   1.0000e+00
   7131.9653   1.3770e+02   5.5080e+00   10.00   1.0000e+00
   7151.9707   1.3700e+02   5.4800e+00   10.00   1.0000e+00
   7171.9766   1.3570e+02   5.4280e+00   10.00   1.0000e+00
   7191.9819   1.3310e+02   5.3240e+00   10.00   1.0000e+00
   7211.9873   1.3340e+02   5.3360e+00   10.00   1.0000e+00
   7231.9927   1.3510e+02   5.4040e+00   10.00   1.0000e+00
   7251.9980   1.3530e+02   5.4120e+00   10.00   1.0000e+00
   7272.0034   1.3490e+02   5.3960e+00   10.00   1.0000e+00
   7292.0088   1.3220e+02   5.2880e+00   10.00   1.0000e+00
   7312.0142   1.3290e+02   5.3160e+00   10.00   1.0000e+00
   7332.0195   1.3210e+02   5.2840e+00   10.00   1.0000e+00
   7352.0249   1.3120e+02   5.2480e+00   10.00   1.0000e+00
   7372.0303   1.3100e+02   5.2400e+00   10.00   1.0000e+00
   7392.0356   1.2810e+02   5.1240e+00   10.00   1.0000e+00
   7412.0410   1.2610e+02   5.0440e+00   10.00   1.0000e+00
   7432.0464   1.2890e+02   5.1560e+00   10.00   1.0000e+00
   7452.0518   1.2820e+02   5.1280e+00   10.00   1.0000e+00
   7472.0571   1.2860e+02   5.1440e+00   10.00   1.0000e+00
   7492.0625   1.2730e+02   5.0920e+00   10.00   1.0000e+00
   7512.0679   1.2650e+02   5.0600e+00   10.00   1.0000e+00
   7532.0732   1.2620e+02   5.0480e+00   10.00   1.0000e+00
   7552.0786   1.2580e+02   5.0320e+00   10.00   1.0000e+00
   7572.0840   1.2510e+02   5.0040e+00   10.00   1.0000e+00
   7592.0894   1.2430e+02   4.9720e+00   10.00   1.0000e+00
   7612.0947   1.2400e+02   4.9600e+00   10.00   1.0000e+00
   7632.1006   1.2440e+02   4.9760e+00   10.00   1.0000e+00
   7652.1060   1.2240e+02   4.8960e+00   10.00   1.0000e+00
   7672.1113   1.1880e+02   4.7520e+00   10.00   1.0000e+00
   7692.1167   1.2060e+02   4.8240e+00   10.00   1.0000e+00
   7712.1221   1.2070e+02   4.8280e+00   10.00   1.0000e+00
   7732.1274   1.2110e+02   4.8440e+00   10.00   1.0000e+00
   7752.1328   1.1910e+02   4.7640e+00   10.00   1.0000e+00
   7772.1382   1.1990e+02   4.7960e+00   10.00   1.0000e+00
   7792.1436   1.1900e+02   4.7600e+00   10.00   1.0000e+00
   7812.1489   1.1900e+02   4.7600e+00   10.00   1.0000e+00
   7832.1543   1.1790e+02   4.7160e+00   10.00   1.0000e+00
   7852.1597   1.1830e+02   4.7320e+00   10.00   1.0000e+00
   7872.1650   1.1800e+02   4.7200e+00   10.00   1.0000e+00
   7892.1704   1.1770e+02   4.7080e+00   10.00   1.0000e+00
   7912.1758   1.1610e+02   4.6440e+00   10.00   1.0000e+00
   7932.1812   1.1460e+02   4.5840e+00   10.00   1.0000e+00
   7952.1865   1.1370e+02   4.5480e+00   10.00   1.0000e+00
   7972.1924   1.1550e+02   4.6200e+00   10.00   1.0000e+00
   7992.1978   1.1380e+02   4.5520e+00   10.00   1.0000e+00
   8012.2031   1.1450e+02   4.5800e+00   10.00   1.0000e+00
   8032.2085   1.1320e+02   4.5280e+00   10.00   1.0000e+00
   8052.2139   1.1180e+02   4.4720e+00   10.00   1.0000e+00
   8072.2192   1.1230e+02   4.4920e+00   10.00   1.0000e+00
   8092.2246   1.0980e+02   4.3920e+00   10.00   1.0000e+00
   8112.2300   1.1170e+02   4.4680e+00   10.00   1.0000e+00
   8132.2354   1.1180e+02   4.4720e+00   10.00   1.0000e+00
   8152.2407   1.1100e+02   4.4400e+00   10.00   1.0000e+00
   8172.2461   1.1070e+02   4.4280e+00   10.00   1.0000e+00
   8192.2520   1.0660e+02   4.2640e+00   10.00   1.0000e+00
   8212.2568   1.0830e+02   4.3320e+00   10.00   1.0000e+00
   8232.2627   1.0760e+02   4.3040e+00   10.00   1.0000e+00
   8252.2676   1.0780e+02   4.3120e+00   10.00   1.0000e+00
   8272.2734   1.0790e+02   4.3160e+00   10.00   1.0000e+00
   8292.2783   1.0750e+02   4.3000e+00   10.00   1.0000e+00
   8312.2842   1.0700e+02   4.2800e+00   10.00   1.0000e+00
   8332.2891   1.0350e+02   4.1400e+00   10.00   1.0000e+00
   8352.2949   1.0540e+02   4.2160e+00   10.00   1.0000e+00
   8372.2998   1.0530e+02   4.2120e+00   10.00   1.0000e+00
   8392.3057   1.0430e+02   4.1720e+00   10.00   1.0000e+00
   8412.3115   1.0460e+02   4.1840e+00   10.00   1.0000e+00
   8432.3164   1.0290e+02   4.1160e+00   10.00   1.0000e+00
   8452.3223   1.0340e+02   4.1360e+00   10.00   1.0000e+00
   8472.3271   1.0260e+02   4.1040e+00   10.00   1.0000e+00
   8492.3330   9.7200e+01   3.8880e+00   10.00   1.0000e+00
   8512.3379   1.0040e+02   4.0160e+00   10.00   1.0000e+00
   8532.3438   9.7400e+01   3.8960e+00   10.00   1.0000e+00
   8552.3486   8.7800e+01   3.5120e+00   10.00   1.0000e+00
   8572.3545   1.0120e+02   4.0480e+00   10.00   1.0000e+00
   8592.3594   9.9800e+01   3.9920e+00   10.00   1.0000e+00
   8612.3652   9.9800e+01   3.9920e+00   10.00   1.0000e+00
   8632.3701   1.0000e+02   4.0000e+00   10.00   1.0000e+00
   8652.3760   9.7100e+01   3.8840e+00   10.00   1.0000e+00
   8672.3818   8.8100e+01   3.5240e+00   10.00   1.0000e+00
   8692.3867   9.6800e+01   3.8720e+00   10.00   1.0000e+00
   8702.3896   9.6000e+01   3.8400e+00   20.00   1.0000e+00
   8722.3945   9.5300e+01   3.8120e+00   20.00   1.0000e+00
   8742.4004   9.5600e+01   3.8240e+00   20.00   1.0000e+00
   8762.4053   9.5800e+01   3.8320e+00   20.00   1.0000e+00
   8782.4111   9.3400e+01   3.7360e+00   20.00   1.0000e+00
   8802.4170   9.3500e+01   3.7400e+00   20.00   1.0000e+00
   8822.4219   9.2300e+01   3.6920e+00   20.00   1.0000e+00
   8842.4277   9.3700e+01   3.7480e+00   20.00   1.0000e+00
   8862.4326   9.2200e+01   3.6880e+00   20.00   1.0000e+00
   8882.4385   9.2400e+01   3.6960e+00   20.00   1.0000e+00
   8902.4434   9.2000e+01   3.6800e+00   20.00   1.0000e+00
   8922.4492   9.1100e+01   3.6440e+00   20.00   1.0000e+00
   8942.4541   9.1400e+01   3.6560e+00   20.00   1.0000e+00
   8962.4600   9.1900e+01   3.6760e+00   20.00   1.0000e+00
   8982.4648   8.9400e+01   3.5760e+00   20.00   1.0000e+00
   9002.4707   8.8900e+01   3.5560e+00   20.00   1.0000e+00
   9022.4756   8.9100e+01   3.5640e+00   20.00   1.0000e+00
   9042.4814   8.8100e+01   3.5240e+00   20.00   1.0000e+00
   9062.4873   8.8100e+01   3.5240e+00   20.00   1.0000e+00
   9082.4922   8.5400e+01   3.4160e+00   20.00   1.0000e+00
   9102.4980   8.6500e+01   3.4600e+00   20.00   1.0000e+00
   9122.5029   8.7300e+01   3.4920e+00   20.00   1.0000e+00
   9142.5088   8.6500e+01   3.4600e+00   20.00   1.0000e+00
   9162.5137   8.6000e+01   3.4400e+00   20.00   1.0000e+00
   9182.5195   8.6100e+01   3.4440e+00   20.00   1.0000e+00
   9202.5244   8.3500e+01   3.3400e+00   20.00   1.0000e+00
   9222.5303   8.2800e+01   3.3120e+00   20.00   1.0000e+00
   9242.5352   8.3400e+01   3.3360e+00   20.00   1.0000e+00
   9262.5410   8.3900e+01   3.3560e+00   20.00   1.0000e+00
   9282.5469   8.4500e+01   3.3800e+00   20.00   1.0000e+00
   9302.5518   8.4000e+01   3.3600e+00   20.00   1.0000e+00
   9322.5576   8.4800e+01   3.3920e+00   20.00   1.0000e+00
   9342.5625   8.3500e+01   3.3400e+00   20.00   1.0000e+00
   9362.5684   8.2000e+01   3.2800e+00   20.00   1.0000e+00
   9382.5732   8.2800e+01   3.3120e+00   20.00   1.0000e+00
   9402.5791   8.2100e+01   3.2840e+00   20.00   1.0000e+00
   9422.5840   8.0600e+01   3.2240e+00   20.00   1.0000e+00
   9442.5898   8.2200e+01   3.2880e+00   20.00   1.0000e+00
   9462.5947   8.1700e+01   3.2680e+00   20.00   1.0000e+00
   9482.6006   8.0100e+01   3.2040e+00   20.00   1.0000e+00
   9502.6064   8.0300e+01   3.2120e+00   20.00   1.0000e+00
   9522.6113   7.9600e+01   3.1840e+00   20.00   1.0000e+00
   9542.6172   7.8500e+01   3.1400e+00   20.00   1.0000e+00
   9562.6221   7.9900e+01   3.1960e+00   20.00   1.0000e+00
   9582.6279   7.9600e+01   3.1840e+00   20.00   1.0000e+00
   9602.6328   7.8800e+01   3.1520e+00   20.00   1.0000e+00
   9622.6387   7.8389e+01   3.1356e+00   20.00   1.0000e+00
   9642.6436   7.8179e+01   3.1272e+00   20.00   1.0000e+00
   9662.6494   7.7173e+01   3.0869e+00   20.00   1.0000e+00
   9682.6543   7.7626e+01   3.1050e+00   20.00   1.0000e+00
   9702.6602   7.7208e+01   3.0883e+00   20.00   1.0000e+00
   9722.6660   7.7650e+01   3.1060e+00   20.00   1.0000e+00
   9742.6709   7.5861e+01   3.0344e+00   20.00   1.0000e+00
   9762.6768   7.6495e+01   3.0598e+00   20.00   1.0000e+00
   9782.6816   7.6064e+01   3.0425e+00   20.00   1.0000e+00
   9802.6875   7.5690e+01   3.0276e+00   20.00   1.0000e+00
   9822.6924   7.5963e+01   3.0385e+00   20.00   1.0000e+00
   9842.6982   7.5369e+01   3.0148e+00   20.00   1.0000e+00
   9862.7031   7.5004e+01   3.0002e+00   20.00   1.0000e+00
   9882.7090   7.4735e+01   2.9894e+00   20.00   1.0000e+00
   9902.7148   7.3632e+01   2.9453e+00   20.00   1.0000e+00
   9922.7197   7.4305e+01   2.9722e+00   20.00   1.0000e+00
   9942.7256   7.4201e+01   2.9680e+00   20.00   1.0000e+00
   9962.7305   7.3793e+01   2.9517e+00   20.00   1.0000e+00
   9982.7363   7.3571e+01   2.9428e+00   20.00   1.0000e+00
  10002.7412   7.3238e+01   2.9295e+00   20.00   1.0000e+00
  10022.7471   7.3007e+01   2.9203e+00   20.00   1.0000e+00
  10042.7520   7.1388e+01   2.8555e+00   20.00   1.0000e+00
  10062.7578   6.8994e+01   2.7598e+00   20.00   1.0000e+00
  10082.7627   7.1877e+01   2.8751e+00   20.00   1.0000e+00
  10102.7686   7.1765e+01   2.8706e+00   20.00   1.0000e+00
  10122.7744   7.1373e+01   2.8549e+00   20.00   1.0000e+00
  10142.7793   7.0706e+01   2.8282e+00   20.00   1.0000e+00
  10162.7852   7.0126e+01   2.8050e+00   20.00   1.0000e+00
  10182.7900   6.9876e+01   2.7950e+00   20.00   1.0000e+00
  10202.7959   6.9510e+01   2.7804e+00   20.00   1.0000e+00
  10222.8008   6.9163e+01   2.7665e+00   20.00   1.0000e+00
  10242.8066   6.9816e+01   2.7926e+00   20.00   1.0000e+00
  10262.8115   6.9549e+01   2.7820e+00   20.00   1.0000e+00
  10282.8174   6.9460e+01   2.7784e+00   20.00   1.0000e+00
  10302.8232   6.8424e+01   2.7370e+00   20.00   1.0000e+00
  10322.8281   6.8639e+01   2.7456e+00   20.00   1.0000e+00
  10342.8340   6.6834e+01   2.6733e+00   20.00   1.0000e+00
  10362.8389   6.7944e+01   2.7177e+00   20.00   1.0000e+00
  10382.8447   6.6947e+01   2.6779e+00   20.00   1.0000e+00
  10402.8496   6.6838e+01   2.6735e+00   20.00   1.0000e+00
  10422.8555   6.6829e+01   2.6732e+00   20.00   1.0000e+00
  10442.8604   6.7022e+01   2.6809e+00   20.00   1.0000e+00
  10462.8662   6.5490e+01   2.6196e+00   20.00   1.0000e+00
  10482.8721   6.5921e+01   2.6368e+00   20.00   1.0000e+00
  10502.8770   6.6036e+01   2.6414e+00   20.00   1.0000e+00
  10522.8828   6.5724e+01   2.6290e+00   20.00   1.0000e+00
  10542.8877   6.5118e+01   2.6047e+00   20.00   1.0000e+00
  10562.8936   6.5397e+01   2.6159e+00   20.00   1.0000e+00
  10582.8984   6.3704e+01   2.5482e+00   20.00   1.0000e+00
  10602.9043   6.3856e+01   2.5542e+00   20.00   1.0000e+00
  10622.9092   6.4456e+01   2.5782e+00   20.00   1.0000e+00
  10642.9150   6.3762e+01   2.5505e+00   20.00   1.0000e+00
  10662.9209   6.3093e+01   2.5237e+00   20.00   1.0000e+00
  10682.9258   6.2505e+01   2.5002e+00   20.00   1.0000e+00
  10702.9316   6.1494e+01   2.4598e+00   20.00   1.0000e+00
  10722.9365   6.2414e+01   2.4965e+00   20.00   1.0000e+00
  10742.9424   6.1498e+01   2.4599e+00   20.00   1.0000e+00
  10762.9473   6.1425e+01   2.4570e+00   20.00   1.0000e+00
  10782.9531   6.1019e+01   2.4408e+00   20.00   1.0000e+00
  10802.9580   6.2053e+01   2.4821e+00   20.00   1.0000e+00
  10822.9639   5.9185e+01   2.3674e+00   20.00   1.0000e+00
  10842.9697   5.9995e+01   2.3998e+00   20.00   1.0000e+00
  10862.9746   6.1089e+01   2.4436e+00   20.00   1.0000e+00
  10882.9805   5.8120e+01   2.3248e+00   20.00   1.0000e+00
  10902.9854   6.0287e+01   2.4115e+00   20.00   1.0000e+00
  10922.9912   5.9631e+01   2.3852e+00   20.00   1.0000e+00
  10942.9961   5.5918e+01   2.2367e+00   20.00   1.0000e+00
  10963.0020   5.7406e+01   2.2963e+00   20.00   1.0000e+00
  10983.0068   5.7287e+01   2.2915e+00   20.00   1.0000e+00
  11003.0127   5.8664e+01   2.3466e+00   20.00   1.0000e+00
  11023.0186   5.7378e+01   2.2951e+00   20.00   1.0000e+00
  11043.0234   5.8035e+01   2.3214e+00   20.00   1.0000e+00
  11063.0293   5.7942e+01   2.3177e+00   20.00   1.0000e+00
  11083.0342   5.7657e+01   2.3063e+00   20.00   1.0000e+00
  11103.0400   5.7640e+01   2.3056e+00   20.00   1.0000e+00
  11123.0449   5.6800e+01   2.2720e+00   20.00   1.0000e+00
  11143.0508   5.6862e+01   2.2745e+00   20.00   1.0000e+00
  11163.0557   5.6932e+01   2.2773e+00   20.00   1.0000e+00
  11183.0615   5.6697e+01   2.2679e+00   20.00   1.0000e+00
  11203.0674   5.5525e+01   2.2210e+00   20.00   1.0000e+00
  11223.0723   5.6434e+01   2.2574e+00   20.00   1.0000e+00
  11243.0781   5.6097e+01   2.2439e+00   20.00   1.0000e+00
  11263.0830   5.4657e+01   2.1863e+00   20.00   1.0000e+00
  11283.0889   5.5412e+01   2.2165e+00   20.00   1.0000e+00
  11303.0938   5.4578e+01   2.1831e+00   20.00   1.0000e+00
  11323.0996   5.4915e+01   2.1966e+00   20.00   1.0000e+00
  11343.1045   5.4533e+01   2.1813e+00   20.00   1.0000e+00
  11363.1104   5.4929e+01   2.1972e+00   20.00   1.0000e+00
  11383.1162   5.3727e+01   2.1491e+00   20.00   1.0000e+00
  11403.1211   5.3259e+01   2.1303e+00   20.00   1.0000e+00
  11423.1270   5.3495e+01   2.1398e+00   20.00   1.0000e+00
  11443.1318   5.3430e+01   2.1372e+00   20.00   1.0000e+00
  11463.1377   5.4137e+01   2.1655e+00   20.00   1.0000e+00
  11483.1426   5.3712e+01   2.1485e+00   20.00   1.0000e+00
  11503.1484   5.3541e+01   2.1416e+00   20.00   1.0000e+00
  11523.1533   5.3238e+01   2.1295e+00   20.00   1.0000e+00
  11543.1592   5.3446e+01   2.1378e+00   20.00   1.0000e+00
  11563.1650   5.2957e+01   2.1183e+00   20.00   1.0000e+00
  11583.1699   5.2855e+01   2.1142e+00   20.00   1.0000e+00
  11603.1758   5.1662e+01   2.0665e+00   20.00   1.0000e+00
  11623.1807   5.0985e+01   2.0394e+00   20.00   1.0000e+00
  11643.1865   5.1508e+01   2.0603e+00   20.00   1.0000e+00
  11663.1914   5.1499e+01   2.0600e+00   20.00   1.0000e+00
  11683.1973   5.1696e+01   2.0678e+00   20.00   1.0000e+00
  11703.2021   5.0842e+01   2.0337e+00   20.00   1.0000e+00
  11723.2080   5.1556e+01   2.0622e+00   20.00   1.0000e+00
  11743.2139   5.1483e+01   2.0593e+00   20.00   1.0000e+00
  11763.2188   5.0051e+01   2.0021e+00   20.00   1.0000e+00
  11783.2246   4.9759e+01   1.9904e+00   20.00   1.0000e+00
  11803.2295   5.0971e+01   2.0388e+00   20.00   1.0000e+00
  11823.2354   5.0245e+01   2.0098e+00   20.00   1.0000e+00
  11843.2402   4.8557e+01   1.9423e+00   20.00   1.0000e+00
  11863.2461   5.0076e+01   2.0030e+00   20.00   1.0000e+00
  11883.2520   4.8382e+01   1.9353e+00   20.00   1.0000e+00
  11903.2568   4.9325e+01   1.9730e+00   20.00   1.0000e+00
  11923.2627   4.9746e+01   1.9899e+00   20.00   1.0000e+00
  11943.2676   4.9662e+01   1.9865e+00   20.00   1.0000e+00
  11963.2734   4.8906e+01   1.9562e+00   20.00   1.0000e+00
  11983.2783   4.6683e+01   1.8673e+00   20.00   1.0000e+00
  12003.2842   4.7971e+01   1.9188e+00   20.00   1.0000e+00
  12023.2891   4.8909e+01   1.9563e+00   20.00   1.0000e+00
  12043.2949   4.6936e+01   1.8774e+00   20.00   1.0000e+00
  12063.3008   4.8364e+01   1.9346e+00   20.00   1.0000e+00
  12083.3057   4.6138e+01   1.8455e+00   20.00   1.0000e+00
  12103.3115   4.7167e+01   1.8867e+00   20.00   1.0000e+00
  12123.3164   4.7686e+01   1.9074e+00   20.00   1.0000e+00
  12143.3223   4.7758e+01   1.9103e+00   20.00   1.0000e+00
  12163.3271   4.7756e+01   1.9102e+00   20.00   1.0000e+00
  12183.3330   4.7454e+01   1.8982e+00   20.00   1.0000e+00
  12203.3379   4.7219e+01   1.8888e+00   20.00   1.0000e+00
  12223.3438   4.7082e+01   1.8833e+00   20.00   1.0000e+00
  12243.3496   4.6837e+01   1.8735e+00   20.00   1.0000e+00
  12263.3545   4.6757e+01   1.8703e+00   20.00   1.0000e+00
  12283.3604   4.6009e+01   1.8404e+00   20.00   1.0000e+00
  12303.3652   4.6422e+01   1.8569e+00   20.00   1.0000e+00
  12323.3711   4.6058e+01   1.8423e+00   20.00   1.0000e+00
  12343.3760   4.5988e+01   1.8395e+00   20.00   1.0000e+00
  12363.3818   4.5911e+01   1.8364e+00   20.00   1.0000e+00
  12383.3877   4.5922e+01   1.8369e+00   20.00   1.0000e+00
  12403.3926   4.5236e+01   1.8094e+00   20.00   1.0000e+00
  12423.3984   4.5113e+01   1.8045e+00   20.00   1.0000e+00
  12443.4033   4.4906e+01   1.7963e+00   20.00   1.0000e+00
  12463.4092   4.5019e+01   1.8008e+00   20.00   1.0000e+00
  12483.4141   4.4925e+01   1.7970e+00   20.00   1.0000e+00
  12503.4199   4.4913e+01   1.7965e+00   20.00   1.0000e+00
  12523.4248   4.4220e+01   1.7688e+00   20.00   1.0000e+00
  12543.4307   4.4392e+01   1.7757e+00   20.00   1.0000e+00
  12563.4365   4.4099e+01   1.7639e+00   20.00   1.0000e+00
  12583.4414   4.3937e+01   1.7575e+00   20.00   1.0000e+00
  12603.4473   4.3950e+01   1.7580e+00   20.00   1.0000e+00
  12623.4521   4.3620e+01   1.7448e+00   20.00   1.0000e+00
  12643.4580   4.3482e+01   1.7393e+00   20.00   1.0000e+00
  12663.4629   4.3325e+01   1.7330e+00   20.00   1.0000e+00
  12683.4688   4.2651e+01   1.7060e+00   20.00   1.0000e+00
  12703.4746   4.3296e+01   1.7319e+00   20.00   1.0000e+00
  12723.4795   4.3120e+01   1.7248e+00   20.00   1.0000e+00
  12743.4854   4.2701e+01   1.7080e+00   20.00   1.0000e+00
  12763.4902   4.2856e+01   1.7142e+00   20.00   1.0000e+00
  12783.4961   4.2608e+01   1.7043e+00   20.00   1.0000e+00
  12803.5010   4.1916e+01   1.6767e+00   20.00   1.0000e+00
  12823.5068   3.7545e+01   1.5018e+00   20.00   1.0000e+00
  12843.5117   4.1101e+01   1.6440e+00   20.00   1.0000e+00
  12863.5176   4.1556e+01   1.6622e+00   20.00   1.0000e+00
  12883.5234   4.1621e+01   1.6648e+00   20.00   1.0000e+00
  12903.5283   4.1195e+01   1.6478e+00   20.00   1.0000e+00
  12923.5342   4.1475e+01   1.6590e+00   20.00   1.0000e+00
  12943.5391   4.1173e+01   1.6469e+00   20.00   1.0000e+00
  12963.5449   4.1385e+01   1.6554e+00   20.00   1.0000e+00
  12983.5498   4.0897e+01   1.6359e+00   20.00   1.0000e+00
  13003.5557   4.1077e+01   1.6431e+00   20.00   1.0000e+00
  13023.5615   4.0561e+01   1.6224e+00   20.00   1.0000e+00
  13043.5664   4.0277e+01   1.6111e+00   20.00   1.0000e+00
  13063.5723   4.0578e+01   1.6231e+00   20.00   1.0000e+00
  13083.5771   4.0401e+01   1.6160e+00   20.00   1.0000e+00
  13103.5830   4.0229e+01   1.6091e+00   20.00   1.0000e+00
  13123.5879   3.9244e+01   1.5698e+00   20.00   1.0000e+00
  13143.5938   3.9962e+01   1.5985e+00   20.00   1.0000e+00
  13163.5996   3.8722e+01   1.5489e+00   20.00   1.0000e+00
  13183.6045   3.9547e+01   1.5819e+00   20.00   1.0000e+00
  13203.6104   3.9659e+01   1.5864e+00   20.00   1.0000e+00
  13223.6152   3.9355e+01   1.5742e+00   20.00   1.0000e+00
  13243.6211   3.9398e+01   1.5759e+00   20.00   1.0000e+00
  13263.6260   3.9026e+01   1.5610e+00   20.00   1.0000e+00
  13283.6318   3.8906e+01   1.5562e+00   20.00   1.0000e+00
  13303.6367   3.8138e+01   1.5255e+00   20.00   1.0000e+00
  13323.6426   3.8173e+01   1.5269e+00   20.00   1.0000e+00
  13343.6484   3.8816e+01   1.5526e+00   20.00   1.0000e+00
  13363.6533   3.8519e+01   1.5408e+00   20.00   1.0000e+00
  13383.6592   3.8281e+01   1.5312e+00   20.00   1.0000e+00
  13403.6641   3.7760e+01   1.5104e+00   20.00   1.0000e+00
  13423.6699   3.8077e+01   1.5231e+00   20.00   1.0000e+00
  13443.6748   3.8071e+01   1.5229e+00   20.00   1.0000e+00
  13463.6807   3.7790e+01   1.5116e+00   20.00   1.0000e+00
  13483.6865   3.7863e+01   1.5145e+00   20.00   1.0000e+00
  13503.6914   3.7239e+01   1.4896e+00   20.00   1.0000e+00
  13523.6973   3.7562e+01   1.5025e+00   20.00   1.0000e+00
  13543.7021   3.7406e+01   1.4962e+00   20.00   1.0000e+00
  13563.7080   3.6373e+01   1.4549e+00   20.00   1.0000e+00
  13583.7129   3.7083e+01   1.4833e+00   20.00   1.0000e+00
  13603.7188   3.6560e+01   1.4624e+00   20.00   1.0000e+00
  13623.7246   3.6808e+01   1.4723e+00   20.00   1.0000e+00
  13643.7295   3.6343e+01   1.4537e+00   20.00   1.0000e+00
  13663.7354   3.6615e+01   1.4646e+00   20.00   1.0000e+00
  13683.7402   3.6050e+01   1.4420e+00   20.00   1.0000e+00
  13703.7461   3.5856e+01   1.4342e+00   20.00   1.0000e+00
  13723.7510   3.6149e+01   1.4460e+00   20.00   1.0000e+00
  13743.7568   3.5950e+01   1.4380e+00   20.00   1.0000e+00
  13763.7617   3.5470e+01   1.4188e+00   20.00   1.0000e+00
  13783.7676   3.5840e+01   1.4336e+00   20.00   1.0000e+00
  13803.7734   3.5767e+01   1.4307e+00   20.00   1.0000e+00
  13823.7783   3.5348e+01   1.4139e+00   20.00   1.0000e+00
  13843.7842   3.5586e+01   1.4235e+00   20.00   1.0000e+00
  13863.7891   3.5144e+01   1.4057e+00   20.00   1.0000e+00
  13883.7949   3.5358e+01   1.4143e+00   20.00   1.0000e+00
  13903.7998   3.5020e+01   1.4008e+00   20.00   1.0000e+00
  13923.8057   3.5142e+01   1.4057e+00   20.00   1.0000e+00
  13943.8115   3.4903e+01   1.3961e+00   20.00   1.0000e+00
  13963.8164   3.4731e+01   1.3892e+00   20.00   1.0000e+00
  13983.8223   3.4884e+01   1.3954e+00   20.00   1.0000e+00
  14003.8271   3.4119e+01   1.3648e+00   20.00   1.0000e+00
  14023.8330   3.4236e+01   1.3695e+00   20.00   1.0000e+00
  14043.8379   3.4010e+01   1.3604e+00   20.00   1.0000e+00
  14063.8438   3.3988e+01   1.3595e+00   20.00   1.0000e+00
  14083.8496   3.4048e+01   1.3619e+00   20.00   1.0000e+00
  14103.8545   3.4023e+01   1.3609e+00   20.00   1.0000e+00
  14123.8604   3.3158e+01   1.3263e+00   20.00   1.0000e+00
  14143.8652   3.3263e+01   1.3305e+00   20.00   1.0000e+00
  14163.8711   3.3528e+01   1.3411e+00   20.00   1.0000e+00
  14183.8760   3.3485e+01   1.3394e+00   20.00   1.0000e+00
  14203.8818   3.3168e+01   1.3267e+00   20.00   1.0000e+00
  14223.8867   3.2381e+01   1.2953e+00   20.00   1.0000e+00
  14243.8926   3.2788e+01   1.3115e+00   20.00   1.0000e+00
  14263.8984   3.2212e+01   1.2885e+00   20.00   1.0000e+00
  14283.9033   3.2140e+01   1.2856e+00   20.00   1.0000e+00
  14303.9092   3.2290e+01   1.2916e+00   20.00   1.0000e+00
  14323.9141   3.2436e+01   1.2974e+00   20.00   1.0000e+00
  14343.9199   3.2345e+01   1.2938e+00   20.00   1.0000e+00
  14363.9248   3.2445e+01   1.2978e+00   20.00   1.0000e+00
  14383.9307   3.2498e+01   1.2999e+00   20.00   1.0000e+00
  14403.9365   3.1062e+01   1.2425e+00   20.00   1.0000e+00
  14423.9414   3.1636e+01   1.2654e+00   20.00   1.0000e+00
  14443.9473   3.1341e+01   1.2536e+00   20.00   1.0000e+00
  14463.9521   3.1928e+01   1.2771e+00   20.00   1.0000e+00
  14483.9580   3.1659e+01   1.2664e+00   20.00   1.0000e+00
  14503.9629   3.1410e+01   1.2564e+00   20.00   1.0000e+00
  14523.9688   3.0981e+01   1.2392e+00   20.00   1.0000e+00
  14543.9746   3.0974e+01   1.2390e+00   20.00   1.0000e+00
  14563.9795   3.0845e+01   1.2338e+00   20.00   1.0000e+00
  14583.9854   3.1365e+01   1.2546e+00   20.00   1.0000e+00
  14603.9902   3.1145e+01   1.2458e+00   20.00   1.0000e+00
  14623.9961   3.0778e+01   1.2311e+00   20.00   1.0000e+00
  14644.0010   3.0736e+01   1.2294e+00   20.00   1.0000e+00
  14664.0068   3.0546e+01   1.2218e+00   20.00   1.0000e+00
  14684.0127   3.0629e+01   1.2252e+00   20.00   1.0000e+00
  14704.0176   3.0411e+01   1.2164e+00   20.00   1.0000e+00
  14724.0234   3.0238e+01   1.2095e+00   20.00   1.0000e+00
  14744.0283   2.9759e+01   1.1903e+00   20.00   1.0000e+00
  14764.0342   2.9813e+01   1.1925e+00   20.00   1.0000e+00
  14784.0391   2.9586e+01   1.1834e+00   20.00   1.0000e+00
  14804.0449   3.0174e+01   1.2070e+00   20.00   1.0000e+00
  14824.0508   2.9931e+01   1.1973e+00   20.00   1.0000e+00
  14844.0557   2.9492e+01   1.1797e+00   20.00   1.0000e+00
  14864.0615   2.9773e+01   1.1909e+00   20.00   1.0000e+00
  14884.0664   2.7472e+01   1.0989e+00   20.00   1.0000e+00
  14904.0723   2.9798e+01   1.1919e+00   20.00   1.0000e+00
  14924.0771   2.9584e+01   1.1834e+00   20.00   1.0000e+00
  14944.0830   2.9792e+01   1.1917e+00   20.00   1.0000e+00
  14964.0889   2.8894e+01   1.1558e+00   20.00   1.0000e+00
  14984.0938   2.9295e+01   1.1718e+00   20.00   1.0000e+00
  15004.0996   2.9246e+01   1.1698e+00   20.00   1.0000e+00
  15024.1045   2.8052e+01   1.1221e+00   20.00   1.0000e+00
  15044.1104   2.7624e+01   1.1050e+00   20.00   1.0000e+00
  15064.1152   2.7353e+01   1.0941e+00   20.00   1.0000e+00
  15084.1211   2.8278e+01   1.1311e+00   20.00   1.0000e+00
  15104.1260   2.9056e+01   1.1622e+00   20.00   1.0000e+00
  15124.1318   2.8503e+01   1.1401e+00   20.00   1.0000e+00
  15144.1377   2.8278e+01   1.1311e+00   20.00   1.0000e+00
  15164.1426   2.8413e+01   1.1365e+00   20.00   1.0000e+00
  15184.1484   2.8494e+01   1.1398e+00   20.00   1.0000e+00
  15204.1533   2.8389e+01   1.1356e+00   20.00   1.0000e+00
  15224.1592   2.7625e+01   1.1050e+00   20.00   1.0000e+00
  15244.1641   2.7825e+01   1.1130e+00   20.00   1.0000e+00
  15264.1699   2.8216e+01   1.1286e+00   20.00   1.0000e+00
  15284.1758   2.8267e+01   1.1307e+00   20.00   1.0000e+00
  15304.1807   2.7094e+01   1.0838e+00   20.00   1.0000e+00
  15324.1865   2.7970e+01   1.1188e+00   20.00   1.0000e+00
  15344.1914   2.7441e+01   1.0976e+00   20.00   1.0000e+00
  15364.1973   2.7819e+01   1.1128e+00   20.00   1.0000e+00
  15384.2021   2.7494e+01   1.0998e+00   20.00   1.0000e+00
  15404.2080   2.6937e+01   1.0775e+00   20.00   1.0000e+00
  15424.2139   2.7194e+01   1.0878e+00   20.00   1.0000e+00
  15444.2188   2.7579e+01   1.1031e+00   20.00   1.0000e+00
  15464.2246   2.7525e+01   1.1010e+00   20.00   1.0000e+00
  15484.2295   2.6758e+01   1.0703e+00   20.00   1.0000e+00
  15504.2354   2.6696e+01   1.0678e+00   20.00   1.0000e+00
  15524.2402   2.7055e+01   1.0822e+00   20.00   1.0000e+00
  15544.2461   2.6208e+01   1.0483e+00   20.00   1.0000e+00
  15564.2520   2.6424e+01   1.0569e+00   20.00   1.0000e+00
  15584.2568   2.6526e+01   1.0610e+00   20.00   1.0000e+00
  15604.2627   2.6436e+01   1.0574e+00   20.00   1.0000e+00
  15624.2676   2.6603e+01   1.0641e+00   20.00   1.0000e+00
  15644.2734   2.6292e+01   1.0517e+00   20.00   1.0000e+00
  15664.2783   2.5904e+01   1.0361e+00   20.00   1.0000e+00
  15684.2842   2.5775e+01   1.0310e+00   20.00   1.0000e+00
  15704.2900   2.5906e+01   1.0362e+00   20.00   1.0000e+00
  15724.2949   2.6040e+01   1.0416e+00   20.00   1.0000e+00
  15744.3008   2.5486e+01   1.0195e+00   20.00   1.0000e+00
  15764.3057   2.4612e+01   9.8450e-01   20.00   1.0000e+00
  15784.3115   2.4306e+01   9.7225e-01   20.00   1.0000e+00
  15804.3164   2.5768e+01   1.0307e+00   20.00   1.0000e+00
  15824.3223   2.4828e+01   9.9313e-01   20.00   1.0000e+00
  15844.3281   2.5174e+01   1.0070e+00   20.00   1.0000e+00
  15864.3330   2.5245e+01   1.0098e+00   20.00   1.0000e+00
  15884.3389   2.4141e+01   9.6563e-01   20.00   1.0000e+00
  15904.3438   2.2983e+01   9.1933e-01   20.00   1.0000e+00
  15924.3496   2.4505e+01   9.8019e-01   20.00   1.0000e+00
  15944.3545   2.5278e+01   1.0111e+00   20.00   1.0000e+00
  15964.3604   2.4248e+01   9.6992e-01   20.00   1.0000e+00
  15984.3662   2.5243e+01   1.0097e+00   20.00   1.0000e+00
  16004.3711   2.4494e+01   9.7974e-01   20.00   1.0000e+00
  16024.3770   2.4531e+01   9.8123e-01   20.00   1.0000e+00
  16044.3818   2.4493e+01   9.7974e-01   20.00   1.0000e+00
  16064.3877   2.4352e+01   9.7406e-01   20.00   1.0000e+00
  16084.3926   2.4575e+01   9.8300e-01   20.00   1.0000e+00
  16104.3984   2.3391e+01   9.3563e-01   20.00   1.0000e+00
  16124.4043   2.3930e+01   9.5722e-01   20.00   1.0000e+00
  16144.4092   2.4194e+01   9.6777e-01   20.00   1.0000e+00
  16164.4150   2.3024e+01   9.2097e-01   20.00   1.0000e+00
  16184.4199   2.4162e+01   9.6649e-01   20.00   1.0000e+00
  16204.4258   2.3223e+01   9.2894e-01   20.00   1.0000e+00
  16224.4307   2.3698e+01   9.4791e-01   20.00   1.0000e+00
  16244.4365   2.4005e+01   9.6019e-01   20.00   1.0000e+00
  16264.4424   2.3908e+01   9.5631e-01   20.00   1.0000e+00
  16284.4473   2.4115e+01   9.6461e-01   20.00   1.0000e+00
  16304.4531   2.3727e+01   9.4908e-01   20.00   1.0000e+00
  16324.4580   2.3610e+01   9.4439e-01   20.00   1.0000e+00
  16344.4639   2.3330e+01   9.3320e-01   20.00   1.0000e+00
  16364.4688   2.3040e+01   9.2161e-01   20.00   1.0000e+00
  16384.4746   2.2368e+01   8.9472e-01   20.00   1.0000e+00
  16404.4805   2.2292e+01   8.9169e-01   20.00   1.0000e+00
  16424.4863   2.2242e+01   8.8969e-01   20.00   1.0000e+00
  16444.4902   2.2204e+01   8.8815e-01   20.00   1.0000e+00
  16464.4961   2.2790e+01   9.1161e-01   20.00   1.0000e+00
  16484.5020   2.2822e+01   9.1287e-01   20.00   1.0000e+00
  16504.5078   2.2361e+01   8.9446e-01   20.00   1.0000e+00
  16524.5117   2.2413e+01   8.9653e-01   20.00   1.0000e+00
  16544.5176   2.2612e+01   9.0447e-01   20.00   1.0000e+00
  16564.5234   2.2584e+01   9.0335e-01   20.00   1.0000e+00
  16584.5293   2.2564e+01   9.0256e-01   20.00   1.0000e+00
  16604.5352   2.2320e+01   8.9281e-01   20.00   1.0000e+00
  16624.5391   2.2393e+01   8.9570e-01   20.00   1.0000e+00
  16644.5449   2.2242e+01   8.8970e-01   20.00   1.0000e+00
  16664.5508   2.1897e+01   8.7590e-01   20.00   1.0000e+00
  16684.5566   2.1577e+01   8.6307e-01   20.00   1.0000e+00
  16704.5625   2.2107e+01   8.8426e-01   20.00   1.0000e+00
  16724.5664   2.1205e+01   8.4819e-01   20.00   1.0000e+00
  16744.5723   2.1685e+01   8.6738e-01   20.00   1.0000e+00
  16764.5781   2.0977e+01   8.3907e-01   20.00   1.0000e+00
  16784.5840   2.1293e+01   8.5172e-01   20.00   1.0000e+00
  16804.5879   2.0320e+01   8.1282e-01   20.00   1.0000e+00
  16824.5938   1.9976e+01   7.9903e-01   20.00   1.0000e+00
  16844.5996   2.0907e+01   8.3626e-01   20.00   1.0000e+00
  16864.6055   2.0985e+01   8.3938e-01   20.00   1.0000e+00
  16884.6113   2.0954e+01   8.3816e-01   20.00   1.0000e+00
  16904.6152   2.0767e+01   8.3067e-01   20.00   1.0000e+00
  16924.6211   2.1103e+01   8.4413e-01   20.00   1.0000e+00
  16944.6270   2.0968e+01   8.3871e-01   20.00   1.0000e+00
  16964.6328   2.0895e+01   8.3579e-01   20.00   1.0000e+00
  16984.6387   2.0807e+01   8.3228e-01   20.00   1.0000e+00
  17004.6426   2.0465e+01   8.1860e-01   20.00   1.0000e+00
  17024.6484   2.0302e+01   8.1207e-01   20.00   1.0000e+00
  17044.6543   2.0332e+01   8.1328e-01   20.00   1.0000e+00
  17064.6602   2.0365e+01   8.1461e-01   20.00   1.0000e+00
  17084.6641   2.0019e+01   8.0077e-01   20.00   1.0000e+00
  17104.6699   2.0153e+01   8.0611e-01   20.00   1.0000e+00
  17124.6758   1.9346e+01   7.7386e-01   20.00   1.0000e+00
  17144.6816   2.0216e+01   8.0863e-01   20.00   1.0000e+00
  17164.6875   1.9993e+01   7.9971e-01   20.00   1.0000e+00
  17184.6914   1.9914e+01   7.9657e-01   20.00   1.0000e+00
  17204.6973   1.9615e+01   7.8461e-01   20.00   1.0000e+00
  17224.7031   1.9599e+01   7.8397e-01   20.00   1.0000e+00
  17244.7090   1.8948e+01   7.5794e-01   20.00   1.0000e+00
  17264.7148   1.9354e+01   7.7416e-01   20.00   1.0000e+00
  17284.7188   1.9262e+01   7.7049e-01   20.00   1.0000e+00
  17304.7246   1.9368e+01   7.7470e-01   20.00   1.0000e+00
  17324.7305   1.8984e+01   7.5937e-01   20.00   1.0000e+00
  17344.7363   1.8025e+01   7.2102e-01   20.00   1.0000e+00
  17364.7402   1.7565e+01   7.0261e-01   20.00   1.0000e+00
  17384.7461   1.8173e+01   7.2693e-01   20.00   1.0000e+00
  17404.7520   1.8672e+01   7.4689e-01   20.00   1.0000e+00
  17424.7578   1.8501e+01   7.4006e-01   20.00   1.0000e+00
  17444.7637   1.8797e+01   7.5188e-01   20.00   1.0000e+00
  17464.7676   1.8411e+01   7.3645e-01   20.00   1.0000e+00
  17484.7734   1.8333e+01   7.3333e-01   20.00   1.0000e+00
  17504.7793   1.8376e+01   7.3503e-01   20.00   1.0000e+00
  17524.7852   1.8283e+01   7.3131e-01   20.00   1.0000e+00
  17544.7910   1.8478e+01   7.3913e-01   20.00   1.0000e+00
  17564.7949   1.8387e+01   7.3547e-01   20.00   1.0000e+00
  17584.8008   1.8349e+01   7.3398e-01   20.00   1.0000e+00
  17604.8066   1.8284e+01   7.3134e-01   20.00   1.0000e+00
  17624.8125   1.7763e+01   7.1052e-01   20.00   1.0000e+00
  17644.8164   1.8045e+01   7.2180e-01   20.00   1.0000e+00
  17664.8223   1.8159e+01   7.2636e-01   20.00   1.0000e+00
  17684.8281   1.7961e+01   7.1845e-01   20.00   1.0000e+00
  17704.8340   1.7812e+01   7.1248e-01   20.00   1.0000e+00
  17724.8398   1.7888e+01   7.1552e-01   20.00   1.0000e+00
  17744.8438   1.7880e+01   7.1518e-01   20.00   1.0000e+00
  17764.8496   1.7532e+01   7.0126e-01   20.00   1.0000e+00
  17784.8555   1.7407e+01   6.9628e-01   20.00   1.0000e+00
  17804.8613   1.7433e+01   6.9732e-01   20.00   1.0000e+00
  17824.8672   1.7374e+01   6.9496e-01   20.00   1.0000e+00
  17844.8711   1.7349e+01   6.9397e-01   20.00   1.0000e+00
  17864.8770   1.7253e+01   6.9012e-01   20.00   1.0000e+00
  17884.8828   1.7443e+01   6.9771e-01   20.00   1.0000e+00
  17904.8887   1.7274e+01   6.9096e-01   20.00   1.0000e+00
  17924.8945   1.7140e+01   6.8559e-01   20.00   1.0000e+00
  17944.8984   1.6993e+01   6.7973e-01   20.00   1.0000e+00
  17964.9043   1.6981e+01   6.7925e-01   20.00   1.0000e+00
  17984.9102   1.6947e+01   6.7789e-01   20.00   1.0000e+00
  18004.9160   1.6861e+01   6.7444e-01   20.00   1.0000e+00
  18024.9199   1.6548e+01   6.6190e-01   20.00   1.0000e+00
  18044.9258   1.6759e+01   6.7036e-01   20.00   1.0000e+00
  18064.9316   1.6649e+01   6.6597e-01   20.00   1.0000e+00
  18084.9375   1.6624e+01   6.6497e-01   20.00   1.0000e+00
  18104.9434   1.6591e+01   6.6364e-01   20.00   1.0000e+00
  18124.9473   1.6409e+01   6.5636e-01   20.00   1.0000e+00
  18144.9531   1.6221e+01   6.4885e-01   20.00   1.0000e+00
  18164.9590   1.5783e+01   6.3133e-01   20.00   1.0000e+00
  18184.9648   1.4645e+01   5.8581e-01   20.00   1.0000e+00
  18204.9707   1.5676e+01   6.2703e-01   20.00   1.0000e+00
  18224.9746   1.5547e+01   6.2189e-01   20.00   1.0000e+00
  18244.9805   1.6031e+01   6.4125e-01   20.00   1.0000e+00
  18264.9863   1.6023e+01   6.4090e-01   20.00   1.0000e+00
  18284.9922   1.5804e+01   6.3214e-01   20.00   1.0000e+00
  18304.9961   1.5942e+01   6.3766e-01   20.00   1.0000e+00
  18325.0020   1.5797e+01   6.3186e-01   20.00   1.0000e+00
  18345.0078   1.5706e+01   6.2825e-01   20.00   1.0000e+00
  18365.0137   1.5700e+01   6.2800e-01   20.00   1.0000e+00
  18385.0195   1.5496e+01   6.1985e-01   20.00   1.0000e+00
  18405.0234   1.5522e+01   6.2089e-01   20.00   1.0000e+00
  18425.0293   1.5217e+01   6.0867e-01   20.00   1.0000e+00
  18445.0352   1.5343e+01   6.1370e-01   20.00   1.0000e+00
  18465.0410   1.5443e+01   6.1771e-01   20.00   1.0000e+00
  18485.0469   1.4804e+01   5.9216e-01   20.00   1.0000e+00
  18505.0508   1.5389e+01   6.1555e-01   20.00   1.0000e+00
  18525.0566   1.5267e+01   6.1068e-01   20.00   1.0000e+00
  18545.0625   1.5141e+01   6.0564e-01   20.00   1.0000e+00
  18565.0684   1.4885e+01   5.9540e-01   20.00   1.0000e+00
  18585.0723   1.5069e+01   6.0278e-01   20.00   1.0000e+00
  18605.0781   1.4803e+01   5.9212e-01   20.00   1.0000e+00
  18625.0840   1.4683e+01   5.8733e-01   20.00   1.0000e+00
  18645.0898   1.4745e+01   5.8980e-01   20.00   1.0000e+00
  18665.0957   1.4497e+01   5.7989e-01   20.00   1.0000e+00
  18685.0996   1.4495e+01   5.7980e-01   20.00   1.0000e+00
  18705.1055   1.4626e+01   5.8503e-01   20.00   1.0000e+00
  18725.1113   1.4150e+01   5.6598e-01   20.00   1.0000e+00
  18745.1172   1.3745e+01   5.4980e-01   20.00   1.0000e+00
  18765.1230   1.1969e+01   4.7876e-01   20.00   1.0000e+00
  18785.1270   1.3983e+01   5.5934e-01   20.00   1.0000e+00
  18805.1328   1.4110e+01   5.6439e-01   20.00   1.0000e+00
  18825.1387   1.4298e+01   5.7191e-01   20.00   1.0000e+00
  18845.1445   1.4218e+01   5.6871e-01   20.00   1.0000e+00
  18865.1484   1.3934e+01   5.5735e-01   20.00   1.0000e+00
  18885.1543   1.4226e+01   5.6905e-01   20.00   1.0000e+00
  18905.1602   1.3839e+01   5.5355e-01   20.00   1.0000e+00
  18925.1660   1.3784e+01   5.5137e-01   20.00   1.0000e+00
  18945.1719   1.3614e+01   5.4456e-01   20.00   1.0000e+00
  18965.1758   1.3333e+01   5.3331e-01   20.00   1.0000e+00
  18985.1816   1.3789e+01   5.5157e-01   20.00   1.0000e+00
  19005.1875   1.3682e+01   5.4726e-01   20.00   1.0000e+00
  19025.1934   1.3977e+01   5.5906e-01   20.00   1.0000e+00
  19045.1992   1.3673e+01   5.4693e-01   20.00   1.0000e+00
  19065.2031   1.3731e+01   5.4922e-01   20.00   1.0000e+00
  19085.2090   1.3612e+01   5.4449e-01   20.00   1.0000e+00
  19105.2148   1.3705e+01   5.4821e-01   20.00   1.0000e+00
  19125.2207   1.3383e+01   5.3532e-01   20.00   1.0000e+00
  19145.2266   1.3632e+01   5.4528e-01   20.00   1.0000e+00
  19165.2305   1.3503e+01   5.4012e-01   20.00   1.0000e+00
  19185.2363   1.3429e+01   5.3717e-01   20.00   1.0000e+00
  19205.2422   1.3188e+01   5.2754e-01   20.00   1.0000e+00
  19225.2480   1.3427e+01   5.3707e-01   20.00   1.0000e+00
  19245.2520   1.3221e+01   5.2883e-01   20.00   1.0000e+00
  19265.2578   1.3305e+01   5.3219e-01   20.00   1.0000e+00
  19285.2637   1.2957e+01   5.1827e-01   20.00   1.0000e+00
  19305.2695   1.2925e+01   5.1699e-01   20.00   1.0000e+00
  19325.2754   1.2760e+01   5.1038e-01   20.00   1.0000e+00
  19345.2793   1.2956e+01   5.1823e-01   20.00   1.0000e+00
  19365.2852   1.2924e+01   5.1694e-01   20.00   1.0000e+00
  19385.2910   1.2969e+01   5.1876e-01   20.00   1.0000e+00
  19405.2969   1.2528e+01   5.0113e-01   20.00   1.0000e+00
  19425.3027   1.2678e+01   5.0713e-01   20.00   1.0000e+00
  19445.3066   1.1588e+01   4.6352e-01   20.00   1.0000e+00
  19465.3125   1.1428e+01   4.5711e-01   20.00   1.0000e+00
  19485.3184   1.2442e+01   4.9768e-01   20.00   1.0000e+00
  19505.3242   1.2422e+01   4.9689e-01   20.00   1.0000e+00
  19525.3281   1.2050e+01   4.8200e-01   20.00   1.0000e+00
  19545.3340   1.2651e+01   5.0605e-01   20.00   1.0000e+00
  19565.3398   1.2576e+01   5.0304e-01   20.00   1.0000e+00
  19585.3457   1.2545e+01   5.0181e-01   20.00   1.0000e+00
  19605.3516   1.2443e+01   4.9772e-01   20.00   1.0000e+00
  19625.3555   1.2333e+01   4.9333e-01   20.00   1.0000e+00
  19645.3613   1.1955e+01   4.7820e-01   20.00   1.0000e+00
  19665.3672   1.2147e+01   4.8587e-01   20.00   1.0000e+00
  19685.3730   1.2363e+01   4.9452e-01   20.00   1.0000e+00
  19705.3789   1.2247e+01   4.8986e-01   20.00   1.0000e+00
  19725.3828   1.1855e+01   4.7421e-01   20.00   1.0000e+00
  19745.3887   1.2050e+01   4.8200e-01   20.00   1.0000e+00
  19765.3945   1.2133e+01   4.8530e-01   20.00   1.0000e+00
  19785.4004   1.1760e+01   4.7041e-01   20.00   1.0000e+00
  19805.4043   1.1864e+01   4.7457e-01   20.00   1.0000e+00
  19825.4102   1.1873e+01   4.7491e-01   20.00   1.0000e+00
  19845.4160   1.1864e+01   4.7455e-01   20.00   1.0000e+00
  19865.4219   1.1504e+01   4.6015e-01   20.00   1.0000e+00
  19885.4277   1.1936e+01   4.7742e-01   20.00   1.0000e+00
  19905.4316   1.1894e+01   4.7576e-01   20.00   1.0000e+00
  19925.4375   1.1709e+01   4.6835e-01   20.00   1.0000e+00
  19945.4434   1.1478e+01   4.5913e-01   20.00   1.0000e+00
  19965.4492   1.1643e+01   4.6572e-01   20.00   1.0000e+00
  19985.4551   1.1514e+01   4.6055e-01   20.00   1.0000e+00
  20005.4590   1.1661e+01   4.6644e-01   20.00   1.0000e+00
  20025.4648   1.1529e+01   4.6117e-01   20.00   1.0000e+00
  20045.4707   1.1442e+01   4.5768e-01   20.00   1.0000e+00
  20065.4766   1.1406e+01   4.5623e-01   20.00   1.0000e+00
  20085.4824   1.1516e+01   4.6062e-01   20.00   1.0000e+00
  20105.4863   1.1460e+01   4.5841e-01   20.00   1.0000e+00
  20125.4922   1.1403e+01   4.5611e-01   20.00   1.0000e+00
  20145.4980   1.1321e+01   4.5285e-01   20.00   1.0000e+00
  20165.5039   1.1339e+01   4.5355e-01   20.00   1.0000e+00
  20185.5078   1.1301e+01   4.5205e-01   20.00   1.0000e+00
  20205.5137   1.1138e+01   4.4551e-01   20.00   1.0000e+00
  20225.5195   1.0926e+01   4.3703e-01   20.00   1.0000e+00
  20245.5254   1.1092e+01   4.4367e-01   20.00   1.0000e+00
  20265.5312   1.1094e+01   4.4377e-01   20.00   1.0000e+00
  20285.5352   1.1003e+01   4.4011e-01   20.00   1.0000e+00
  20305.5410   1.0742e+01   4.2969e-01   20.00   1.0000e+00
  20325.5469   1.1006e+01   4.4025e-01   20.00   1.0000e+00
  20345.5527   1.0838e+01   4.3352e-01   20.00   1.0000e+00
  20365.5586   1.0822e+01   4.3286e-01   20.00   1.0000e+00
  20385.5625   1.0529e+01   4.2115e-01   20.00   1.0000e+00
  20405.5684   1.0839e+01   4.3356e-01   20.00   1.0000e+00
  20425.5742   1.0749e+01   4.2996e-01   20.00   1.0000e+00
  20445.5801   1.0783e+01   4.3133e-01   20.00   1.0000e+00
  20465.5840   1.0752e+01   4.3009e-01   20.00   1.0000e+00
  20485.5898   1.0657e+01   4.2629e-01   20.00   1.0000e+00
  20505.5957   1.0639e+01   4.2557e-01   20.00   1.0000e+00
  20525.6016   1.0497e+01   4.1988e-01   20.00   1.0000e+00
  20545.6074   1.0536e+01   4.2143e-01   20.00   1.0000e+00
  20565.6113   1.0535e+01   4.2139e-01   20.00   1.0000e+00
  20585.6172   1.0467e+01   4.1867e-01   20.00   1.0000e+00
  20605.6230   1.0259e+01   4.1036e-01   20.00   1.0000e+00
  20625.6289   1.0450e+01   4.1799e-01   20.00   1.0000e+00
  20645.6348   1.0024e+01   4.0097e-01   20.00   1.0000e+00
  20665.6387   1.0372e+01   4.1488e-01   20.00   1.0000e+00
  20685.6445   1.0293e+01   4.1170e-01   20.00   1.0000e+00
  20705.6504   1.0092e+01   4.0366e-01   20.00   1.0000e+00
  20725.6562   1.0179e+01   4.0718e-01   20.00   1.0000e+00
  20745.6602   1.0231e+01   4.0926e-01   20.00   1.0000e+00
  20765.6660   1.0192e+01   4.0768e-01   20.00   1.0000e+00
  20785.6719   1.0164e+01   4.0656e-01   20.00   1.0000e+00
  20805.6777   9.9324e+00   3.9730e-01   20.00   1.0000e+00
  20825.6836   1.0048e+01   4.0192e-01   20.00   1.0000e+00
  20845.6875   9.8551e+00   3.9420e-01   20.00   1.0000e+00
  20865.6934   1.0005e+01   4.0020e-01   20.00   1.0000e+00
  20885.6992   9.9635e+00   3.9854e-01   20.00   1.0000e+00
  20905.7051   9.9470e+00   3.9788e-01   20.00   1.0000e+00
  20925.7109   9.6181e+00   3.8472e-01   20.00   1.0000e+00
  20945.7148   9.7106e+00   3.8842e-01   20.00   1.0000e+00
  20965.7207   9.6708e+00   3.8683e-01   20.00   1.0000e+00
  20985.7266   9.7334e+00   3.8933e-01   20.00   1.0000e+00
  21005.7324   9.7251e+00   3.8900e-01   20.00   1.0000e+00
  21025.7383   9.6875e+00   3.8750e-01   20.00   1.0000e+00
  21045.7422   9.6995e+00   3.8798e-01   20.00   1.0000e+00
  21065.7480   9.7003e+00   3.8801e-01   20.00   1.0000e+00
  21085.7539   9.6431e+00   3.8572e-01   20.00   1.0000e+00
  21105.7598   9.4581e+00   3.7832e-01   20.00   1.0000e+00
  21125.7637   9.5703e+00   3.8281e-01   20.00   1.0000e+00
  21145.7695   9.5234e+00   3.8093e-01   20.00   1.0000e+00
  21165.7754   9.3436e+00   3.7375e-01   20.00   1.0000e+00
  21185.7812   9.4499e+00   3.7800e-01   20.00   1.0000e+00
  21205.7871   9.3331e+00   3.7332e-01   20.00   1.0000e+00
  21225.7910   9.3586e+00   3.7434e-01   20.00   1.0000e+00
  21245.7969   9.2011e+00   3.6804e-01   20.00   1.0000e+00
  21265.8027   9.2575e+00   3.7030e-01   20.00   1.0000e+00
  21285.8086   9.3106e+00   3.7243e-01   20.00   1.0000e+00
  21305.8145   9.2531e+00   3.7012e-01   20.00   1.0000e+00
  21325.8184   9.2652e+00   3.7061e-01   20.00   1.0000e+00
  21345.8242   9.2219e+00   3.6888e-01   20.00   1.0000e+00
  21365.8301   9.0167e+00   3.6067e-01   20.00   1.0000e+00
  21385.8359   9.1725e+00   3.6690e-01   20.00   1.0000e+00
  21405.8398   9.1160e+00   3.6464e-01   20.00   1.0000e+00
  21425.8457   9.0995e+00   3.6398e-01   20.00   1.0000e+00
  21445.8516   9.0291e+00   3.6116e-01   20.00   1.0000e+00
  21465.8574   8.9480e+00   3.5792e-01   20.00   1.0000e+00
  21485.8633   9.0086e+00   3.6035e-01   20.00   1.0000e+00
  21505.8672   8.9737e+00   3.5895e-01   20.00   1.0000e+00
  21525.8730   8.9027e+00   3.5611e-01   20.00   1.0000e+00
  21545.8789   8.8786e+00   3.5514e-01   20.00   1.0000e+00
  21565.8848   8.8665e+00   3.5466e-01   20.00   1.0000e+00
  21585.8906   8.8336e+00   3.5334e-01   20.00   1.0000e+00
  21605.8945   8.7533e+00   3.5013e-01   20.00   1.0000e+00
  21625.9004   8.6550e+00   3.4620e-01   20.00   1.0000e+00
  21645.9062   8.4724e+00   3.3890e-01   20.00   1.0000e+00
  21665.9121   7.6085e+00   3.0434e-01   20.00   1.0000e+00
  21685.9180   8.3038e+00   3.3215e-01   20.00   1.0000e+00
  21705.9219   8.5174e+00   3.4070e-01   20.00   1.0000e+00
  21725.9277   8.5514e+00   3.4206e-01   20.00   1.0000e+00
  21745.9336   8.5553e+00   3.4221e-01   20.00   1.0000e+00
  21765.9395   8.4606e+00   3.3843e-01   20.00   1.0000e+00
  21785.9434   8.3171e+00   3.3269e-01   20.00   1.0000e+00
  21805.9492   8.5286e+00   3.4114e-01   20.00   1.0000e+00
  21825.9551   8.3434e+00   3.3374e-01   20.00   1.0000e+00
  21845.9609   8.4566e+00   3.3826e-01   20.00   1.0000e+00
  21865.9668   8.4530e+00   3.3812e-01   20.00   1.0000e+00
  21885.9707   8.1660e+00   3.2664e-01   20.00   1.0000e+00
  21905.9766   8.3228e+00   3.3291e-01   20.00   1.0000e+00
  21925.9824   8.3703e+00   3.3481e-01   20.00   1.0000e+00
  21945.9883   8.3288e+00   3.3315e-01   20.00   1.0000e+00
  21965.9941   8.2985e+00   3.3194e-01   20.00   1.0000e+00
  21985.9980   8.2970e+00   3.3188e-01   20.00   1.0000e+00
  22006.0039   8.2562e+00   3.3025e-01   20.00   1.0000e+00
  22026.0098   8.2103e+00   3.2841e-01   20.00   1.0000e+00
  22046.0156   8.2136e+00   3.2855e-01   20.00   1.0000e+00
  22066.0215   7.7843e+00   3.1137e-01   20.00   1.0000e+00
  22086.0254   7.9724e+00   3.1890e-01   20.00   1.0000e+00
  22106.0312   8.1097e+00   3.2439e-01   20.00   1.0000e+00
  22126.0371   8.0976e+00   3.2391e-01   20.00   1.0000e+00
  22146.0430   8.0623e+00   3.2249e-01   20.00   1.0000e+00
  22166.0469   7.9713e+00   3.1885e-01   20.00   1.0000e+00
  22186.0527   7.9627e+00   3.1851e-01   20.00   1.0000e+00
  22206.0586   8.0011e+00   3.2004e-01   20.00   1.0000e+00
  22226.0645   7.9578e+00   3.1831e-01   20.00   1.0000e+00
  22246.0703   7.9236e+00   3.1694e-01   20.00   1.0000e+00
  22266.0742   7.7527e+00   3.1011e-01   20.00   1.0000e+00
  22286.0801   7.8448e+00   3.1379e-01   20.00   1.0000e+00
  22306.0859   7.8377e+00   3.1351e-01   20.00   1.0000e+00
  22326.0918   7.8309e+00   3.1323e-01   20.00   1.0000e+00
  22346.0977   7.8213e+00   3.1285e-01   20.00   1.0000e+00
  22366.1016   7.7783e+00   3.1113e-01   20.00   1.0000e+00
  22386.1074   7.6192e+00   3.0477e-01   20.00   1.0000e+00
  22406.1133   7.6656e+00   3.0663e-01   20.00   1.0000e+00
  22426.1191   7.6530e+00   3.0612e-01   20.00   1.0000e+00
  22446.1230   7.6612e+00   3.0645e-01   20.00   1.0000e+00
  22466.1289   7.6565e+00   3.0626e-01   20.00   1.0000e+00
  22486.1348   7.5155e+00   3.0062e-01   20.00   1.0000e+00
  22506.1406   7.5898e+00   3.0359e-01   20.00   1.0000e+00
  22526.1465   7.5466e+00   3.0186e-01   20.00   1.0000e+00
  22546.1504   7.4097e+00   2.9639e-01   20.00   1.0000e+00
  22566.1562   7.4632e+00   2.9853e-01   20.00   1.0000e+00
  22586.1621   7.4929e+00   2.9972e-01   20.00   1.0000e+00
  22606.1680   7.4776e+00   2.9910e-01   20.00   1.0000e+00
  22626.1738   7.3006e+00   2.9202e-01   20.00   1.0000e+00
  22646.1777   7.3918e+00   2.9567e-01   20.00   1.0000e+00
  22666.1836   7.3368e+00   2.9347e-01   20.00   1.0000e+00
  22686.1895   7.3667e+00   2.9467e-01   20.00   1.0000e+00
  22706.1953   7.3506e+00   2.9402e-01   20.00   1.0000e+00
  22726.2012   7.2998e+00   2.9199e-01   20.00   1.0000e+00
  22746.2051   7.2551e+00   2.9020e-01   20.00   1.0000e+00
  22766.2109   7.2904e+00   2.9162e-01   20.00   1.0000e+00
  22786.2168   7.2774e+00   2.9110e-01   20.00   1.0000e+00
  22806.2227   7.2341e+00   2.8936e-01   20.00   1.0000e+00
  22826.2266   6.9163e+00   2.7665e-01   20.00   1.0000e+00
  22846.2324   7.1532e+00   2.8613e-01   20.00   1.0000e+00
  22866.2383   7.1200e+00   2.8480e-01   20.00   1.0000e+00
  22886.2441   7.1412e+00   2.8565e-01   20.00   1.0000e+00
  22906.2500   7.1240e+00   2.8496e-01   20.00   1.0000e+00
  22926.2539   7.0891e+00   2.8357e-01   20.00   1.0000e+00
  22946.2598   6.8391e+00   2.7356e-01   20.00   1.0000e+00
  22966.2656   6.8927e+00   2.7571e-01   20.00   1.0000e+00
  22986.2715   6.8794e+00   2.7518e-01   20.00   1.0000e+00
  23006.2773   6.9156e+00   2.7662e-01   20.00   1.0000e+00
  23026.2812   6.9302e+00   2.7721e-01   20.00   1.0000e+00
  23046.2871   6.9190e+00   2.7676e-01   20.00   1.0000e+00
  23066.2930   6.9051e+00   2.7620e-01   20.00   1.0000e+00
  23086.2988   6.8890e+00   2.7556e-01   20.00   1.0000e+00
  23106.3027   6.8487e+00   2.7395e-01   20.00   1.0000e+00
  23126.3086   6.8408e+00   2.7363e-01   20.00   1.0000e+00
  23146.3145   6.8389e+00   2.7356e-01   20.00   1.0000e+00
  23166.3203   6.7448e+00   2.6979e-01   20.00   1.0000e+00
  23186.3262   6.6813e+00   2.6725e-01   20.00   1.0000e+00
  23206.3301   6.7551e+00   2.7021e-01   20.00   1.0000e+00
  23226.3359   6.6094e+00   2.6438e-01   20.00   1.0000e+00
  23246.3418   6.4711e+00   2.5884e-01   20.00   1.0000e+00
  23266.3477   6.4684e+00   2.5873e-01   20.00   1.0000e+00
  23286.3535   6.5896e+00   2.6358e-01   20.00   1.0000e+00
  23306.3574   6.6045e+00   2.6418e-01   20.00   1.0000e+00
  23326.3633   6.5276e+00   2.6110e-01   20.00   1.0000e+00
  23346.3691   6.5622e+00   2.6249e-01   20.00   1.0000e+00
  23366.3750   6.4709e+00   2.5884e-01   20.00   1.0000e+00
  23386.3809   6.4443e+00   2.5777e-01   20.00   1.0000e+00
  23406.3848   6.5257e+00   2.6103e-01   20.00   1.0000e+00
  23426.3906   6.5152e+00   2.6061e-01   20.00   1.0000e+00
  23446.3965   6.4992e+00   2.5997e-01   20.00   1.0000e+00
  23466.4023   6.4610e+00   2.5844e-01   20.00   1.0000e+00
  23486.4062   6.4618e+00   2.5847e-01   20.00   1.0000e+00
  23506.4121   6.4509e+00   2.5804e-01   20.00   1.0000e+00
  23526.4180   6.1869e+00   2.4748e-01   20.00   1.0000e+00
  23546.4238   6.1653e+00   2.4661e-01   20.00   1.0000e+00
  23566.4297   6.2710e+00   2.5084e-01   20.00   1.0000e+00
  23586.4336   6.1809e+00   2.4724e-01   20.00   1.0000e+00
  23606.4395   6.2605e+00   2.5042e-01   20.00   1.0000e+00
  23626.4453   6.2837e+00   2.5135e-01   20.00   1.0000e+00
  23646.4512   6.2533e+00   2.5013e-01   20.00   1.0000e+00
  23666.4570   6.2438e+00   2.4975e-01   20.00   1.0000e+00
  23686.4609   6.2327e+00   2.4931e-01   20.00   1.0000e+00
  23706.4668   6.1543e+00   2.4617e-01   20.00   1.0000e+00
  23726.4727   6.1835e+00   2.4734e-01   20.00   1.0000e+00
  23746.4785   5.9546e+00   2.3818e-01   20.00   1.0000e+00
  23766.4844   6.1393e+00   2.4557e-01   20.00   1.0000e+00
  23786.4883   6.1734e+00   2.4694e-01   20.00   1.0000e+00
  23806.4941   6.1417e+00   2.4567e-01   20.00   1.0000e+00
  23826.5000   6.0653e+00   2.4261e-01   20.00   1.0000e+00
  23846.5059   5.7515e+00   2.3006e-01   20.00   1.0000e+00
  23866.5098   5.7588e+00   2.3035e-01   20.00   1.0000e+00
  23886.5156   5.9639e+00   2.3856e-01   20.00   1.0000e+00
  23906.5215   5.9762e+00   2.3905e-01   20.00   1.0000e+00
  23926.5273   5.9440e+00   2.3776e-01   20.00   1.0000e+00
  23946.5332   5.9453e+00   2.3781e-01   20.00   1.0000e+00
  23966.5371   5.9254e+00   2.3702e-01   20.00   1.0000e+00
  23986.5430   5.9567e+00   2.3827e-01   20.00   1.0000e+00
  24006.5488   5.8677e+00   2.3471e-01   20.00   1.0000e+00
  24026.5547   5.9166e+00   2.3666e-01   20.00   1.0000e+00
  24046.5605   5.8944e+00   2.3578e-01   20.00   1.0000e+00
  24066.5645   5.8672e+00   2.3469e-01   20.00   1.0000e+00
  24086.5703   5.8558e+00   2.3423e-01   20.00   1.0000e+00
  24106.5762   5.8473e+00   2.3389e-01   20.00   1.0000e+00
  24126.5820   5.8438e+00   2.3375e-01   20.00   1.0000e+00
  24146.5859   5.5938e+00   2.2375e-01   20.00   1.0000e+00
  24166.5918   5.4342e+00   2.1737e-01   20.00   1.0000e+00
  24186.5977   5.7096e+00   2.2838e-01   20.00   1.0000e+00
  24206.6035   5.6737e+00   2.2695e-01   20.00   1.0000e+00
  24226.6094   5.6924e+00   2.2770e-01   20.00   1.0000e+00
  24246.6133   5.6491e+00   2.2596e-01   20.00   1.0000e+00
  24266.6191   5.6449e+00   2.2579e-01   20.00   1.0000e+00
  24286.6250   5.6386e+00   2.2554e-01   20.00   1.0000e+00
  24306.6309   5.6612e+00   2.2645e-01   20.00   1.0000e+00
  24326.6367   5.6290e+00   2.2516e-01   20.00   1.0000e+00
  24346.6406   5.5823e+00   2.2329e-01   20.00   1.0000e+00
  24366.6465   5.5253e+00   2.2101e-01   20.00   1.0000e+00
  24386.6523   5.5218e+00   2.2087e-01   20.00   1.0000e+00
  24406.6582   5.5800e+00   2.2320e-01   20.00   1.0000e+00
  24426.6641   5.5577e+00   2.2231e-01   20.00   1.0000e+00
  24446.6680   5.5426e+00   2.2170e-01   20.00   1.0000e+00
  24466.6738   5.4177e+00   2.1671e-01   20.00   1.0000e+00
  24486.6797   5.3668e+00   2.1467e-01   20.00   1.0000e+00
  24506.6855   5.3513e+00   2.1405e-01   20.00   1.0000e+00
  24526.6895   5.3445e+00   2.1378e-01   20.00   1.0000e+00
  24546.6953   5.4049e+00   2.1620e-01   20.00   1.0000e+00
  24566.7012   5.3078e+00   2.1231e-01   20.00   1.0000e+00
  24586.7070   5.2422e+00   2.0969e-01   20.00   1.0000e+00
  24606.7129   5.3938e+00   2.1575e-01   20.00   1.0000e+00
  24626.7168   5.3751e+00   2.1500e-01   20.00   1.0000e+00
  24646.7227   5.3718e+00   2.1487e-01   20.00   1.0000e+00
  24666.7285   5.3436e+00   2.1374e-01   20.00   1.0000e+00
  24686.7344   5.3378e+00   2.1351e-01   20.00   1.0000e+00
  24706.7402   5.1696e+00   2.0678e-01   20.00   1.0000e+00
  24726.7441   5.3151e+00   2.1260e-01   20.00   1.0000e+00
  24746.7500   5.2079e+00   2.0832e-01   20.00   1.0000e+00
  24766.7559   5.2820e+00   2.1128e-01   20.00   1.0000e+00
  24786.7617   5.2426e+00   2.0970e-01   20.00   1.0000e+00
  24806.7676   5.0246e+00   2.0099e-01   20.00   1.0000e+00
  24826.7715   5.0259e+00   2.0104e-01   20.00   1.0000e+00
  24846.7773   5.1910e+00   2.0764e-01   20.00   1.0000e+00
  24866.7832   5.0014e+00   2.0006e-01   20.00   1.0000e+00
  24886.7891   5.1546e+00   2.0618e-01   20.00   1.0000e+00
  24906.7930   5.1533e+00   2.0613e-01   20.00   1.0000e+00
  24926.7988   5.1361e+00   2.0545e-01   20.00   1.0000e+00
  24946.8047   5.0783e+00   2.0313e-01   20.00   1.0000e+00
  24966.8105   5.0943e+00   2.0377e-01   20.00   1.0000e+00
  24986.8164   5.0745e+00   2.0298e-01   20.00   1.0000e+00
  25006.8203   5.0910e+00   2.0364e-01  100.00   1.0000e+00
  25056.8340   5.0534e+00   2.0214e-01  100.00   1.0000e+00
  25156.8613   4.9416e+00   1.9766e-01  100.00   1.0000e+00
  25256.8887   4.8949e+00   1.9580e-01  100.00   1.0000e+00
  25356.9160   4.8228e+00   1.9291e-01  100.00   1.0000e+00
  25456.9434   4.7420e+00   1.8968e-01  100.00   1.0000e+00
  25556.9707   4.6677e+00   1.8671e-01  100.00   1.0000e+00
  25656.9980   4.5914e+00   1.8366e-01  100.00   1.0000e+00
  25757.0254   4.5657e+00   1.8263e-01  100.00   1.0000e+00
  25857.0527   4.4433e+00   1.7773e-01  100.00   1.0000e+00
  25957.0801   4.4230e+00   1.7692e-01  100.00   1.0000e+00
  26057.1074   4.3671e+00   1.7469e-01  100.00   1.0000e+00
  26157.1348   4.2846e+00   1.7138e-01  100.00   1.0000e+00
  26257.1621   4.0863e+00   1.6345e-01  100.00   1.0000e+00
  26357.1895   4.1681e+00   1.6672e-01  100.00   1.0000e+00
  26457.2168   4.1059e+00   1.6424e-01  100.00   1.0000e+00
  26557.2441   4.0578e+00   1.6231e-01  100.00   1.0000e+00
  26657.2715   3.9744e+00   1.5897e-01  100.00   1.0000e+00
  26757.2969   3.9444e+00   1.5777e-01  100.00   1.0000e+00
  26857.3242   3.9139e+00   1.5656e-01  100.00   1.0000e+00
  26957.3516   3.8581e+00   1.5433e-01  100.00   1.0000e+00
