1 18.4213978601907 17.6761048029151 17.2945062223858 16.1575474588674
2 18.8371787562896 18.0769020321121 17.6852466313155 16.539159043152
3 19.0748326144291 18.3078847132189 17.9117657130056 16.7616318826511
4 19.2414718220859 18.470539489186 18.0717577642288 16.9192114317658
5 19.3697552108377 18.5961009698493 18.1955014195005 17.041308545826
6 19.4740083328266 18.6983435656528 18.2964018314156 17.1409934531703
7 19.5617936717886 18.7845656315247 18.3815805812079 17.225227471538
8 19.6375905479087 18.8591019814729 18.4552758374326 17.2981611770806
9 19.7042707276481 18.924737791128 18.520214893138 17.3624694136575
10 19.7637853742114 18.9833687597715 18.578256386197 17.4199772421304
11 19.8175204443642 19.0363434563183 18.6307239100743 17.4719856315038
12 19.8664956856122 19.084655385355 18.6785934429947 17.5194546850533
13 19.9114831505883 19.1290575643807 18.7226052923035 17.5631131985432
14 19.9530813662648 19.1701343324256 18.7633343249928 17.6035274607463
15 19.9917636819916 19.2083482184672 18.8012358472328 17.6411462369865
16 20.0279108802903 19.2440715896502 18.8366766094105 17.6763311914752
17 20.0618338208023 19.2776086489028 18.8699563719584 17.7093780619844
18 20.0937895616157 19.3092111102919 18.9013232828241 17.7405317674819
19 20.1239930893447 19.339089613997 18.9309850819997 17.769997422046
20 20.1526260188507 19.3674221987006 18.9591174221101 17.7979485179613
21 20.1798431556747 19.3943606969614 18.9858701522407 17.8245331085239
22 20.2057775216096 19.4200356359784 19.0113721353788 17.8498785500201
23 20.2305442558813 19.444560044143 19.0357349917939 17.8740951878996
24 20.2542436808068 19.4680324439836 19.0590560434461 17.8972792572303
25 20.2769637377867 19.4905392316048 19.0814206556791 17.9195151902095
26 20.2987819426605 19.5121565875693 19.1029041184194 17.9408774704866
27 20.3197669698712 19.5329520257335 19.1235731714351 17.9614321370724
28 20.3399799468802 19.5529856593358 19.143487251521 17.9812380144076
29 20.3594755201648 19.5723112440861 19.1626995203019 18.0003477263259
30 20.3783027395041 19.5909770437796 19.1812577173869 18.0188085379269
31 20.3965057964879 19.6090265534719 19.1992048733142 18.0366630592582
32 20.4141246451558 19.626499107442 19.2165799090559 18.0539498371618
33 20.4311955266383 19.6434303932849 19.2334181430732 18.0707038559586
34 20.4477514150776 19.6598528890032 19.2497517225177 18.0869569633166
35 20.4638223985847 19.6757962365323 19.2656099917989 18.1027382343292
36 20.4794360062649 19.6912875624778 19.281019809126 18.1180742842597
37 20.4946174902196 19.7063517547692 19.2960058195949 18.1329895383982
38 20.5093900697599 19.7210117023053 19.3105906917859 18.1475064659012
39 20.523775143749 19.7352885033766 19.3247953235715 18.1616457832314
40 20.5377924759356 19.7492016476212 19.3386390218189 18.1754266318212
41 20.5514603572977 19.7627691754463 19.352139659863 18.1888667337811
42 20.5647957487348 19.7760078181837 19.3653138159698 18.2019825288312
43 20.5778144068947 19.788933121706 19.3781768954779 18.214789295108
44 20.5905309954711 19.8015595557913 19.3907432388742 18.2273012560737
45 20.6029591839393 19.8139006111641 19.4030262177043 18.2395316754021
46 20.6151117353934 19.8259688858405 19.415038319923 18.2514929414296
47 20.627000584896 19.8377761621623 19.4267912260511 18.263196642517
48 20.6386369095458 19.8493334757003 19.438295877301 18.2746536344726
49 20.6500311912893 19.8606511770327 19.4495625366675 18.2858741010187
50 20.6611932733615 19.8717389872666 19.4606008438361 18.2968676081458
51 20.6721324111142 19.8826060480479 19.4714198646459 18.3076431530805
52 20.6828573178891 19.8932609667014 19.4820281357423 18.3182092084965
53 20.693376206504 19.9037118570616 19.4924337049698 18.3285737625115
54 20.7036968268456 19.9139663764762 19.5026441679832 18.3387443549429
55 20.7138264999995 19.9240317594072 19.5126667014952 18.3487281102354
56 20.7237721492931 19.9339148479956 19.5225080935234 18.3585317674202
57 20.73354032858 19.9436221199153 19.5321747709561 18.3681617074207
58 20.743137248056 19.9531597137988 19.5416728247178 18.3776239779823
59 20.7525687978589 19.9625334524831 19.5510080327801 18.3869243164701
60 20.761840569678 19.971748864299 19.5601858812362 18.3960681707491
61 20.7709578765709 19.9808112025952 19.5692115836307 18.4050607183385
62 20.7799257711626 19.9897254636718 19.5780900987156 18.4139068840069
63 20.7887490623836 19.9984964032754 19.586826146784 18.4226113559595
64 20.7974323308846 20.0071285517927 19.595424224715 18.4311786007495
65 20.8059799432522 20.0156262282629 19.6038886198518 18.439612877033
65.9999999999999 20.8143960651355 20.0239935533182 19.6122234228178 18.4479182482737
67 20.8226846733814 20.0322344611491 19.620432539368 18.4560985944911
68 20.8308495672687 20.0403527105812 19.6285197013615 18.4641576231382
69 20.8388943789183 20.0483518953415 19.6364884769317 18.4720988791849
70 20.8468225829526 20.0562354535849 19.6443422799241 18.4799257544755
71 20.8546375054667 20.0640066767426 19.6520843786632 18.4876414964218
72 20.8623423323706 20.0716687177516 19.6597179041063 18.4952492160885
73 20.8699401171533 20.0792245987143 19.6672458574335 18.5027518957201
74 20.8774337881179 20.0866772180363 19.6746711171209 18.510152395756
74.9999999999999 20.8848261551287 20.0940293570841 19.681996445539 18.5174534613742
76 20.89211991591 20.1012836864009 19.6892244951125 18.5246577286014
77 20.8993176619321 20.1084427715153 19.6963578140775 18.5317677300238
78 20.9064218839159 20.1155090783742 19.7033988518673 18.5387859001289
79 20.9134349769862 20.1224849784293 19.7103499641535 18.5457145803071
80 20.9203592454994 20.1293727534028 19.7172134175709 18.5525560235384
81 20.9271969075704 20.1361745997562 19.7239913941475 18.5593123987883
82 20.9339500993209 20.1428926328849 19.7306859954633 18.5659857951332
83 20.9406208788694 20.1495288910577 19.7372992465558 18.572578225636
83.9999999999999 20.9472112300817 20.1560853391201 19.7438330995922 18.5790916309897
85 20.9537230660981 20.1625638719774 19.7502894373233 18.5855278829449
85.9999999999999 20.9601582326547 20.1689663178752 19.7566700763358 18.5918887875369
86.9999999999999 20.966518511211 20.1752944414877 19.7629767701159 18.5981760881265
88 20.9728056218989 20.1815499468314 19.769211211938 18.6043914682661
89 20.9790212263045 20.187734480012 19.7753750375896 18.6105365544051
90 20.9851669300936 20.193849631819 19.781469827944 18.6166129184425
90.9999999999999 20.9912442854922 20.1998969401755 19.7874971113909 18.6226220801401
92 20.9972547936308 20.2058778924547 19.7934583661336 18.6285655094021
93 21.0031999067613 20.2117939276704 19.7993550223619 18.6344446284329
93.9999999999999 21.0090810303558 20.2176464385506 19.8051884643095 18.6402608137783
95 21.0148995250927 20.2234367735006 19.810960032201 18.6460153982594
96 21.0206567087401 20.2291662384636 19.816671024098 18.6517096728048
97 21.0263538579398 20.2348360986846 19.822322697649 18.6573448881881
98 21.0319922099009 20.2404475803837 19.8279162717494 18.6629222566758
98.9999999999999 21.0375729640057 20.2460018723438 19.8334529281174 18.6684429535924
100 21.0430972833362 20.2515001274192 19.8389338127901 18.6739081188056
101 21.0485662961231 20.2569434639685 19.8443600375459 18.6793188581384
102 21.0539810971244 20.2623329672167 19.8497326812559 18.6846762447119
103 21.0593427489353 20.2676696905511 19.85505279117 18.6899813202212
104 21.0646522832358 20.2729546567541 19.8603213841401 18.6952350961515
105 21.0699107019774 20.2781888591772 19.8655394477856 18.7004385549342
106 21.0751189785146 20.2833732628592 19.8707079416025 18.7055926510494
107 21.0802780586818 20.2885088055914 19.8758277980215 18.7106983120763
108 21.0853888618207 20.2935963989341 19.8808999234161 18.7157564396942
109 21.0904522817605 20.298636929185 19.8859251990643 18.7207679106384
110 21.0954691877524 20.3036312583042 19.8909044820664 18.7257335776112
111 21.1004404253624 20.3085802247969 19.8958386062216 18.7306542701527
112 21.1053668173235 20.3134846445566 19.9007283828646 18.7355307954719
113 21.1102491643502 20.3183453116704 19.9055746016653 18.7403639392412
114 21.1150882459168 20.3231629991892 19.9103780313933 18.7451544663556
115 21.1198848210018 20.3279384598641 19.9151394206489 18.7499031216591
116 21.1246396288 20.3326724268506 19.9198594985625 18.7546106306392
117 21.1293533894036 20.3373656143827 19.9245389754636 18.7592777000919
118 21.1340268044549 20.3420187184187 19.9291785435219 18.7639050187581
119 21.1386605577705 20.3466324172586 19.9337788773606 18.7684932579338
120 21.1432553159403 20.351207372137 19.938340634645 18.7730430720538
121 21.1478117289007 20.3557442277902 19.9428644566453 18.7775550992519
122 21.1523304304847 20.3602436130005 19.9473509687777 18.7820299618977
123 21.1568120389491 20.3647061411183 19.9518007811222 18.7864682671117
124 21.1612571574811 20.3691324105626 19.9562144889201 18.7908706072591
125 21.1656663746829 20.3735230053018 19.9605926730511 18.7952375604246
126 21.170040265039 20.3778784953151 19.9649359004917 18.7995696908673
127 21.1743793893633 20.3821994370356 19.9692447247552 18.8038675494581
128 21.1786842952293 20.3864863737762 19.9735196863148 18.8081316741003
129 21.1829555173837 20.3907398361386 19.9777613130096 18.8123625901328
130 21.1871935781436 20.3949603424069 19.9819701204356 18.8165608107189
131 21.1913989877786 20.3991483989254 19.986146612321 18.8207268372194
132 21.1955722448784 20.403304500463 19.9902912808881 18.8248611595518
133 21.1997138367064 20.4074291305629 19.9944046072007 18.8289642565361
134 21.2038242395398 20.4115227618796 19.9984870614985 18.8330365962269
135 21.2079039189978 20.4155858565034 20.0025391035202 18.8370786362343
136 21.2119533303567 20.4196188662729 20.006561182813 18.8410908240321
137 21.2159729188539 20.4236222330758 20.010553739032 18.845073597255
138 21.2199631199809 20.4275963891389 20.0145172022282 18.8490273839847
139 21.2239243597655 20.4315417573077 20.0184519931261 18.8529526030264
140 21.2278570550439 20.4354587513159 20.0223585233914 18.8568496641743
141 21.2317616137234 20.439347776045 20.0262371958894 18.8607189684689
142 21.2356384350349 20.4432092277754 20.0300884049336 18.864560908444
143 21.2394879097778 20.4470434944279 20.0339125365266 18.8683758683659
144 21.2433104205551 20.4508509557974 20.0377099685914 18.8721642244638
145 21.2471063420016 20.454631983778 20.0414810711957 18.8759263451524
146 21.2508760410029 20.4583869425806 20.0452262067677 18.8796625912469
147 21.2546198769077 20.4621161889434 20.0489457303056 18.8833733161705
148 21.2583382017332 20.4658200723342 20.0526399895783 18.8870588661548
149 21.2620313603627 20.4694989351475 20.0563093253214 18.8907195804339
150 21.265699690737 20.4731531128931 20.0599540714245 18.8943557914315
151 21.2693435240396 20.4767829343801 20.0635745551142 18.8979678249419
152 21.2729631848755 20.4803887218939 20.0671710971299 18.9015560003054
153 21.2765589914443 20.4839707913674 20.070744011894 18.9051206305774
154 21.2801312557074 20.4875294525472 20.0742936076767 18.9086620226921
155 21.28368028355 20.4910650091537 20.0778201867557 18.9121804776215
156 21.2872063749381 20.4945777590366 20.0813240455703 18.9156762905285
157 21.2907098240698 20.498067994325 20.0848054748707 18.9191497509155
158 21.2941909195222 20.5015360015731 20.0882647598627 18.922601142768
159 21.2976499443941 20.5049820619011 20.0917021803479 18.9260307446945
160 21.301087176443 20.5084064511315 20.0951180108593 18.9294388300606
161 21.3045028882192 20.5118094399217 20.0985125207925 18.9328256671203
162 21.3078973471951 20.5151912938919 20.1018859745333 18.9361915191424
163 21.3112708158898 20.5185522737492 20.1052386315812 18.9395366445334
164 21.3146235519916 20.5218926354082 20.1085707466689 18.9428612969562
165 21.3179558084751 20.5252126301079 20.1118825698783 18.9461657254459
166 21.3212678337154 20.5285125045243 20.1151743467532 18.9494501745215
167 21.3245598715994 20.5317925008807 20.1184463184081 18.9527148842942
168 21.3278321616329 20.5350528570542 20.1216987216346 18.9559600905732
169 21.3310849390447 20.5382938066786 20.1249317890035 18.9591860249673
170 21.3343184348883 20.5415155792453 20.1281457489651 18.9623929149846
171 21.3375328761395 20.5447184002 20.1313408259454 18.9655809841284
172 21.3407284857923 20.5479024910379 20.1345172404406 18.9687504519907
173 21.3439054829512 20.5510680693948 20.1376752091078 18.9719015343429
174 21.3470640829211 20.5542153491367 20.1408149448539 18.9750344432241
175 21.3502044972946 20.5573445404461 20.1439366569216 18.9781493870265
176 21.3533269340368 20.5604558499062 20.1470405509729 18.9812465705785
177 21.3564315975681 20.5635494805823 20.1501268291706 18.9843261952257
178 21.3595186888436 20.5666256321018 20.1531956902567 18.9873884589093
179 21.3625884054315 20.5696845007309 20.1562473296297 18.9904335562426
180 21.3656409415886 20.5727262794496 20.1592819394188 18.9934616785846
181 21.3686764883338 20.5757511580249 20.1622997085566 18.9964730141129
182 21.3716952335197 20.5787593230815 20.1653008228496 18.9994677478934
183 21.3746973619021 20.5817509581709 20.1682854650465 19.0024460619486
184 21.3776830552077 20.5847262438385 20.1712538149055 19.0054081353239
185 21.3806524922001 20.5876853576889 20.1742060492586 19.0083541441525
186 21.3836058487435 20.590628474449 20.177142342075 19.0112842617178
187 21.3865432978655 20.5935557660307 20.1800628645226 19.0141986585146
188 21.3894650098173 20.59646740159 20.182967785028 19.0170975023089
189 21.392371152133 20.5993635475863 20.1858572693341 19.0199809581956
190 21.3952618896871 20.6022443678392 20.1887314805575 19.022849188655
191 21.3981373847505 20.605110023584 20.1915905792433 19.0257023536074
192 21.4009977970448 20.6079606735257 20.1944347234189 19.0285406104674
193 21.4038432837957 20.6107964738916 20.1972640686464 19.0313641141948
194 21.4066739997844 20.613617578483 20.2000787680737 19.0341730173464
195 21.4094900973984 20.6164241387246 20.2028789724842 19.0369674701251
196 21.4122917266802 20.6192163037136 20.2056648303449 19.0397476204277
197 21.4150790353752 20.621994220267 20.2084364878541 19.0425136138924
198 21.4178521689787 20.6247580329679 20.2111940889869 19.0452655939442
199 21.420611270781 20.6275078842104 20.2139377755403 19.0480037018399
200 21.4233564819118 20.630243914244 20.2166676871771 19.0507280767111
201 21.4260879413832 20.6329662612159 20.2193839614679 19.0534388556069
202 21.4288057861325 20.6356750612132 20.2220867339334 19.0561361735351
203 21.4315101510623 20.6383704483034 20.2247761380845 19.058820163503
204 21.4342011690816 20.6410525545743 20.2274523054617 19.061490956556
205 21.4368789711441 20.6437215101729 20.2301153656742 19.0641486818165
206 21.4395436862867 20.6463774433427 20.232765446437 19.0667934665211
207 21.4421954416668 20.6490204804614 20.235402673608 19.0694254360575
208 21.4448343625984 20.6516507460763 20.2380271712237 19.0720447139997
209 21.4474605725875 20.6542683629397 20.2406390615338 19.0746514221429
210 21.4500741933671 20.6568734520433 20.2432384650362 19.0772456805379
211 21.4526753449304 20.6594661326514 20.2458255005094 19.0798276075236
212 21.4552641455644 20.6620465223341 20.2484002850457 19.0823973197599
213 21.4578407118814 20.6646147369988 20.2509629340827 19.0849549322591
214 21.4604051588511 20.6671708909216 20.2535135614341 19.0875005584168
215 21.462957599831 20.6697150967776 20.2560522793205 19.0900343100422
216 21.4654981465962 20.672247465671 20.2585791983988 19.0925562973872
217 21.4680269093692 20.6747681071639 20.2610944277909 19.0950666291756
218 21.4705439968481 20.6772771293045 20.2635980751123 19.0975654126309
219 21.4730495162345 20.6797746386555 20.2660902464992 19.100052753504
220 21.4755435732614 20.6822607403204 20.2685710466362 19.1025287560998
221 21.4780262722193 20.6847355379707 20.271040578782 19.1049935233037
222 21.4804977159827 20.6871991338715 20.2734989447956 19.1074471566072
223 21.4829580060352 20.6896516289067 20.2759462451611 19.1098897561326
224 21.485407242495 20.6920931226038 20.2783825790127 19.112321420658
225 21.4878455241388 20.6945237131586 20.2808080441586 19.1147422476411
226 21.4902729484259 20.696943497458 20.2832227371045 19.1171523332425
227 21.4926896115215 20.6993525711038 20.2856267530767 19.1195517723488
228 21.4950956083194 20.7017510284352 20.2880201860446 19.1219406585946
229 21.4974910324643 20.7041389625505 20.2904031287428 19.1243190843852
230 21.4998759763739 20.7065164653296 20.2927756726922 19.1266871409172
231 21.5022505312598 20.7088836274543 20.2951379082219 19.1290449181999
232 21.5046147871488 20.7112405384295 20.297489924489 19.131392505076
233 21.5069688329028 20.7135872866035 20.2998318094993 19.1337299892412
234 21.5093127562396 20.7159239591876 20.3021636501267 19.1360574572642
235 21.5116466437517 20.7182506422758 20.3044855321328 19.1383749946057
236 21.5139705809258 20.7205674208634 20.3067975401856 19.1406826856376
237 21.5162846521616 20.722874378866 20.3090997578782 19.142980613661
238 21.5185889407898 20.7251715991377 20.3113922677468 19.1452688609244
239 21.5208835290905 20.7274591634886 20.3136751512882 19.1475475086414
240 21.5231684983106 20.7297371527026 20.3159484889779 19.1498166370081
241 21.5254439286811 20.7320056465541 20.3182123602862 19.1520763252196
242 21.5277098994335 20.7342647238253 20.3204668436955 19.1543266514872
243 21.529966488817 20.7365144623221 20.3227120167164 19.1565676930541
244 21.5322137741145 20.7387549388903 20.3249479559035 19.1587995262115
245 21.534451831658 20.7409862294315 20.3271747368716 19.1610222263144
246 21.5366807368445 20.7432084089184 20.3293924343102 19.1632358677964
247 21.5389005641514 20.7454215514095 20.3316011219992 19.1654405241852
248 21.5411113871508 20.7476257300648 20.3338008728236 19.1676362681165
249 21.5433132785247 20.7498210171593 20.3359917587873 19.1698231713494
250 21.5455063100788 20.7520074840978 20.3381738510279 19.1720013047794
251 21.5476905527571 20.7541852014288 20.3403472198302 19.1741707384529
252 21.5498660766549 20.7563542388577 20.34251193464 19.1763315415804
253 21.552032951033 20.7585146652607 20.344668064077 19.1784837825499
254 21.5541912443304 20.7606665486977 20.3468156759484 19.1806275289396
255 21.5563410241775 20.7628099564249 20.3489548372612 19.1827628475312
256 21.5584823574085 20.7649449549077 20.351085614235 19.1848898043217
257 21.5606153100744 20.7670716098332 20.3532080723142 19.187008464536
258 21.5627399474544 20.7691899861217 20.3553222761801 19.189118892639
259 21.5648563340687 20.7713001479392 20.3574282897626 19.191221152347
260 21.5669645336895 20.7734021587087 20.3595261762519 19.1933153066396
261 21.569064609353 20.7754960811217 20.36161599811 19.1954014177709
262 21.5711566233705 20.7775819771496 20.3636978170815 19.1974795472804
263 21.5732406373394 20.7796599080543 20.3657716942048 19.1995497560043
264 21.5753167121543 20.7817299343992 20.3678376898227 19.2016121040856
265 21.5773849080174 20.78379211606 20.369895863593 19.2036666509853
266 21.5794452844489 20.7858465122345 20.371946274499 19.2057134554921
267 21.5814979002976 20.7878931814533 20.3739889808593 19.2077525757328
268 21.5835428137507 20.7899321815898 20.3760240403377 19.2097840691819
269 21.5855800823437 20.7919635698696 20.3780515099535 19.2118079926718
270 21.5876097629703 20.7939874028804 20.3800714460905 19.2138244024017
271 21.5896319118915 20.7960037365813 20.3820839045068 19.2158333539478
272 21.5916465847453 20.7980126263124 20.3840889403437 19.2178349022716
273 21.5936538365558 20.8000141268035 20.386086608135 19.2198291017294
274 21.595653721742 20.8020082921833 20.3880769618157 19.2218160060813
275 21.5976462941269 20.8039951759879 20.3900600547311 19.2237956684994
276 21.5996316069459 20.8059748311699 20.3920359396448 19.2257681415767
277 21.6016097128557 20.8079473101062 20.3940046687477 19.2277334773354
278 21.6035806639423 20.8099126646068 20.3959662936658 19.2296917272352
279 21.6055445117292 20.8118709459228 20.3979208654686 19.2316429421812
280 21.6075013071859 20.8138222047546 20.399868434677 19.2335871725319
281 21.6094511007352 20.8157664912592 20.401809051271 19.2355244681073
282 21.6113939422615 20.8177038550585 20.4037427646977 19.2374548781958
283 21.6133298811183 20.8196343452468 20.4056696238785 19.2393784515628
284 21.6152589661354 20.821558010398 20.4075896772166 19.2412952364571
285 21.6171812456267 20.8234748985731 20.4095029726046 19.2432052806186
286 21.6190967673973 20.8253850573273 20.4114095574313 19.2451086312856
287 21.6210055787505 20.8272885337172 20.4133094785889 19.2470053352014
288 21.6229077264949 20.8291853743078 20.4152027824798 19.2488954386216
289 21.6248032569513 20.831075625179 20.4170895150236 19.2507789873204
290 21.6266922159593 20.8329593319327 20.4189697216636 19.2526560265977
291 21.6285746488841 20.834836539699 20.4208434473733 19.2545266012854
292 21.630450600623 20.836707293143 20.4227107366631 19.2563907557538
293 21.6323201156118 20.8385716364712 20.4245716335866 19.2582485339181
294 21.6341832378309 20.8404296134373 20.4264261817465 19.2600999792443
295 21.6360400108121 20.842281267349 20.4282744243012 19.2619451347557
296 21.6378904776437 20.8441266410735 20.4301164039703 19.2637840430386
297 21.6397346809774 20.8459657770436 20.431952163041 19.2656167462482
298 21.6415726630339 20.8477987172639 20.4337817433737 19.2674432861146
299 21.6434044656083 20.849625503316 20.4356051864078 19.2692637039482
300 21.6452301300766 20.8514461763645 20.4374225331672 19.2710780406456
301 21.6470496974003 20.8532607771625 20.4392338242658 19.2728863366951
302 21.6488632081327 20.8550693460571 20.4410390999134 19.2746886321818
303 21.650670702424 20.8568719229945 20.4428383999202 19.2764849667933
304 21.6524722200267 20.8586685475257 20.444631763703 19.2782753798246
305 21.6542678003007 20.8604592588114 20.4464192302897 19.2800599101836
306 21.6560574822185 20.8622440956272 20.4482008383248 19.281838596396
307 21.6578413043704 20.8640230963688 20.4499766260741 19.2836114766102
308 21.6596193049693 20.8657962990566 20.4517466314299 19.2853785886024
309 21.6613915218558 20.8675637413409 20.4535108919156 19.2871399697814
310 21.6631579925028 20.8693254605065 20.4552694446907 19.288895657193
311 21.6649187540204 20.8710814934776 20.4570223265552 19.2906456875253
312 21.6666738431605 20.872831876822 20.4587695739547 19.2923900971128
313 21.6684232963214 20.8745766467562 20.4605112229843 19.294128921941
314 21.6701671495524 20.8763158391498 20.4622473093938 19.2958621976511
315 21.671905438558 20.8780494895294 20.4639778685913 19.2975899595442
316 21.6736381987028 20.8797776330837 20.4657029356482 19.2993122425856
317 21.6753654650152 20.8815003046672 20.4674225453032 19.3010290814089
318 21.6770872721919 20.8832175388046 20.4691367319664 19.3027405103207
319 21.6788036546022 20.8849293696951 20.4708455297236 19.3044465633041
320 21.680514646292 20.8866358312163 20.4725489723403 19.3061472740232
321 21.6822202809876 20.8883369569283 20.4742470932656 19.3078426758266
322 21.6839205921003 20.8900327800775 20.4759399256363 19.309532801752
323 21.6856156127295 20.8917233336007 20.4776275022807 19.3112176845295
324 21.6873053756674 20.893408650129 20.4793098557225 19.3128973565855
325 21.6889899134022 20.8950887619911 20.4809870181844 19.3145718500467
326 21.6906692581219 20.8967637012177 20.4826590215917 19.3162411967435
327 21.6923434417183 20.8984334995445 20.4843258975766 19.3179054282139
328 21.6940124957905 20.9000981884163 20.4859876774808 19.3195645757066
329 21.6956764516481 20.9017577989902 20.4876443923599 19.3212186701852
330 21.6973353403154 20.9034123621395 20.4892960729864 19.322867742331
331 21.6989891925343 20.9050619084565 20.4909427498533 19.3245118225471
332 21.7006380387678 20.9067064682567 20.4925844531772 19.326150940961
333 21.7022819092037 20.9083460715815 20.4942212129023 19.3277851274284
334 21.7039208337575 20.9099807482016 20.4958530587029 19.3294144115364
335 21.705554842076 20.9116105276206 20.4974800199869 19.3310388226068
336 21.7071839635402 20.9132354390778 20.4991021258994 19.3326583896989
337 21.7088082272686 20.9148555115515 20.500719405325 19.334273141613
338 21.7104276621204 20.916470773762 20.5023318868918 19.3358831068932
339 21.7120422966986 20.9180812541749 20.5039395989736 19.3374883138307
340 21.7136521593526 20.9196869810039 20.5055425696936 19.3390887904666
341 21.7152572781818 20.9212879822137 20.5071408269267 19.3406845645947
342 21.7168576810381 20.922884285523 20.5087343983031 19.3422756637647
343 21.7184533955291 20.9244759184075 20.5103233112105 19.3438621152851
344 21.7200444490205 20.9260629081025 20.5119075927973 19.3454439462255
345 21.7216308686394 20.9276452816061 20.5134872699755 19.3470211834198
346 21.7232126812769 20.9292230656814 20.5150623694229 19.3485938534691
347 21.7247899135907 20.9307962868595 20.5166329175864 19.3501619827437
348 21.7263625920078 20.9323649714423 20.5181989406844 19.3517255973865
349 21.7279307427274 20.9339291455049 20.5197604647094 19.3532847233152
350 21.7294943917233 20.9354888348983 20.5213175154304 19.3548393862248
351 21.7310535647466 20.937044065252 20.522870118396 19.3563896115906
352 21.732608287328 20.9385948619764 20.5244182989364 19.3579354246702
353 21.7341585847805 20.9401412502654 20.5259620821662 19.3594768505063
354 21.735704482202 20.9416832550988 20.5275014929865 19.3610139139289
355 21.7372460044775 20.9432209012449 20.5290365560876 19.3625466395579
356 21.7387831762815 20.9447542132625 20.5305672959514 19.3640750518054
357 21.7403160220804 20.9462832155036 20.5320937368535 19.3655991748779
358 21.741844566135 20.9478079321154 20.5336159028657 19.3671190327788
359 21.7433688325026 20.9493283870431 20.5351338178581 19.3686346493105
360 21.7448888450394 20.9508446040316 20.5366475055015 19.3701460480769
361 21.7464046274026 20.9523566066279 20.5381569892698 19.3716532524852
362 21.7479162030528 20.9538644181835 20.5396622924416 19.3731562857485
363 21.7494235952557 20.9553680618563 20.5411634381029 19.3746551708875
364 21.7509268270851 20.956867560613 20.542660449149 19.3761499307329
365 21.7524259214241 20.9583629372308 20.5441533482866 19.3776405879278
366 21.7539209009678 20.9598542142998 20.545642158036 19.3791271649289
367 21.7554117882252 20.9613414142252 20.5471269007328 19.3806096840093
368 21.7568986055209 20.9628245592286 20.5486075985302 19.3820881672602
369 21.7583813749978 20.9643036713508 20.5500842734012 19.3835626365929
370 21.7598601186183 20.9657787724535 20.5515569471398 19.3850331137407
371 21.7613348581668 20.9672498842208 20.5530256413638 19.3864996202609
372 21.7628056152513 20.9687170281617 20.554490377516 19.3879621775367
373 21.7642724113057 20.9701802256119 20.5559511768667 19.3894208067789
374 21.765735267591 20.9716394977352 20.5574080605149 19.3908755290282
375 21.7671942051979 20.973094865526 20.5588610493907 19.3923263651564
376 21.7686492450481 20.9745463498103 20.5603101642567 19.3937733358686
377 21.7701004078962 20.9759939712485 20.5617554257101 19.3952164617049
378 21.7715477143317 20.9774377503361 20.5631968541841 19.3966557630421
379 21.7729911847805 20.9788777074064 20.5646344699499 19.3980912600954
380 21.7744308395067 20.9803138626314 20.5660682931185 19.3995229729204
381 21.7758666986143 20.981746236024 20.5674983436421 19.4009509214141
382 21.7772987820489 20.9831748474397 20.5689246413157 19.4023751253173
383 21.7787271095994 20.9845997165778 20.5703472057792 19.403795604216
384 21.7801517008996 20.9860208629834 20.5717660565187 19.4052123775426
385 21.7815725754298 20.987438306049 20.5731812128681 19.4066254645782
386 21.7829897525184 20.988852065016 20.5745926940107 19.4080348844536
387 21.7844032513434 20.9902621589762 20.5760005189809 19.4094406561512
388 21.7858130909341 20.9916686068734 20.5774047066656 19.4108427985062
389 21.7872192901726 20.9930714275049 20.5788052758056 19.4122413302085
390 21.7886218677952 20.9944706395233 20.5802022449975 19.4136362698039
391 21.7900208423941 20.9958662614373 20.5815956326947 19.4150276356959
392 21.7914162324187 20.997258311614 20.5829854572092 19.4164154461466
393 21.792808056177 20.9986468082798 20.584371736713 19.4177997192787
394 21.7941963318374 21.0000317695219 20.5857544892394 19.4191804730767
395 21.7955810774295 21.0014132132899 20.5871337326844 19.4205577253882
396 21.7969623108463 21.0027911573969 20.5885094848083 19.4219314939255
397 21.7983400498448 21.0041656195213 20.5898817632367 19.4233017962667
398 21.7997143120479 21.0055366172079 20.5912505854624 19.4246686498574
399 21.8010851149456 21.0069041678689 20.5926159688461 19.4260320720116
400 21.8024524758962 21.0082682887862 20.5939779306182 19.4273920799134
401 21.8038164121278 21.0096289971114 20.5953364878799 19.4287486906182
402 21.8051769407395 21.0109863098684 20.5966916576047 19.4301019210537
403 21.8065340787027 21.0123402439538 20.5980434566392 19.4314517880217
404 21.8078878428624 21.0136908161382 20.5993919017048 19.4327983081987
405 21.8092382499384 21.0150380430682 20.6007370093989 19.4341414981378
406 21.8105853165266 21.0163819412665 20.6020787961959 19.4354813742695
406.999999999999 21.8119290591002 21.0177225271342 20.6034172784486 19.4368179529029
408 21.8132694940107 21.0190598169513 20.6047524723891 19.4381512502271
409 21.8146066374897 21.0203938268782 20.6060843941307 19.4394812823123
410 21.8159405056492 21.0217245729565 20.607413059668 19.4408080651108
411 21.8172711144836 21.0230520711107 20.608738484879 19.4421316144586
412 21.8185984798702 21.0243763371491 20.6100606855258 19.4434519460758
413 21.8199226175707 21.0256973867646 20.6113796772556 19.4447690755684
414 21.8212435432323 21.0270152355365 20.6126954756023 19.4460830184292
415 21.8225612723886 21.0283298989308 20.6140080959871 19.4473937900387
416 21.8238758204611 21.029641392302 20.6153175537197 19.4487014056663
417 21.8251872027597 21.0309497308938 20.6166238639997 19.4500058804715
418 21.8264954344842 21.0322549298402 20.6179270419172 19.4513072295048
419 21.8278005307252 21.0335570041666 20.6192271024542 19.4526054677087
420 21.8291025064654 21.0348559687908 20.6205240604852 19.4539006099189
421 21.8304013765801 21.036151838524 20.6218179307789 19.4551926708653
422 21.8316971558386 21.0374446280721 20.6231087279986 19.4564816651728
422.999999999999 21.8329898589053 21.0387343520361 20.6243964667034 19.4577676073624
424 21.8342795003404 21.0400210249138 20.6256811613492 19.4590505118525
425 21.8355660946011 21.0413046611002 20.6269628262898 19.4603303929591
426 21.8368496560422 21.0425852748887 20.6282414757775 19.4616072648977
427 21.8381301989176 21.0438628804721 20.6295171239644 19.4628811417835
428 21.839407737381 21.0451374919435 20.6307897849033 19.4641520376328
429 21.8406822854868 21.0464091232972 20.6320594725485 19.4654199663635
430 21.8419538571909 21.0476777884296 20.6333262007567 19.4666849417965
430.999999999999 21.8432224663518 21.0489435011402 20.6345899832879 19.4679469776562
432 21.8444881267317 21.0502062751324 20.6358508338067 19.4692060875718
433 21.8457508519969 21.0514661240145 20.6371087658824 19.4704622850776
434 21.8470106557191 21.0527230613005 20.6383637929906 19.4717155836145
435 21.848267551376 21.053977100411 20.6396159285139 19.4729659965304
436 21.8495215523524 21.0552282546739 20.6408651857424 19.4742135370813
437 21.8507726719409 21.0564765373256 20.6421115778749 19.4754582184321
438 21.8520209233428 21.0577219615115 20.6433551180196 19.4767000536573
439 21.8532663196687 21.0589645402871 20.644595819195 19.4779390557419
440 21.85450887394 21.0602042866184 20.6458336943308 19.4791752375825
441 21.8557485990888 21.0614412133833 20.6470687562683 19.4804086119877
441.999999999999 21.8569855079595 21.062675333372 20.6483010177617 19.4816391916788
443 21.858219613309 21.0639066592878 20.6495304914785 19.4828669892913
444 21.8594509278079 21.065135203748 20.6507571900008 19.4840920173748
444.999999999999 21.860679464041 21.0663609792848 20.6519811258253 19.4853142883944
446 21.8619052345085 21.0675839983457 20.6532023113647 19.4865338147311
447 21.8631282516261 21.0688042732946 20.6544207589482 19.487750608683
448 21.8643485277263 21.0700218164124 20.6556364808224 19.4889646824652
449 21.8655660750589 21.0712366398977 20.6568494891518 19.4901760482116
450 21.8667809057918 21.0724487558677 20.6580597960197 19.4913847179748
451 21.8679930320118 21.0736581763587 20.6592674134289 19.4925907037273
452 21.8692024657252 21.074864913327 20.6604723533024 19.4937940173617
453 21.8704092188585 21.0760689786496 20.661674627484 19.4949946706921
454 21.8716133032592 21.0772703841246 20.6628742477392 19.4961926754544
455 21.8728147306964 21.0784691414726 20.6640712257557 19.4973880433067
456 21.8740135128617 21.0796652623364 20.6652655731443 19.4985807858306
457 21.8752096613695 21.0808587582824 20.6664573014395 19.4997709145314
458 21.8764031877582 21.0820496408013 20.6676464220998 19.5009584408391
459 21.8775941034904 21.0832379213083 20.6688329465089 19.5021433761088
460 21.8787824199535 21.0844236111439 20.6700168859761 19.5033257316214
461 21.8799681484611 21.0856067215748 20.6711982517371 19.5045055185844
462 21.8811513002526 21.0867872637944 20.6723770549543 19.5056827481323
463 21.8823318864948 21.0879652489233 20.6735533067177 19.5068574313275
464 21.8835099182817 21.0891406880101 20.6747270180456 19.5080295791606
465 21.8846854066358 21.090313592032 20.6758981998849 19.5091992025515
465.999999999999 21.8858583625084 21.0914839718953 20.677066863112 19.5103663123493
467 21.8870287967801 21.0926518384361 20.6782330185334 19.5115309193336
468 21.8881967202618 21.0938172024209 20.679396676886 19.5126930342148
469 21.8893621436947 21.0949800745473 20.6805578488382 19.5138526676345
470 21.8905250777516 21.0961404654442 20.6817165449898 19.5150098301666
471 21.8916855330369 21.0972983856729 20.6828727758734 19.5161645323173
472 21.8928435200875 21.0984538457273 20.6840265519541 19.517316784526
472.999999999999 21.8939990493733 21.0996068560347 20.6851778836309 19.5184665971659
474 21.8951521312976 21.1007574269561 20.6863267812366 19.5196139805444
475 21.896302776198 21.1019055687871 20.6874732550388 19.5207589449035
476 21.8974509943467 21.1030512917582 20.6886173152402 19.521901500421
477 21.8985967959511 21.1041946060353 20.6897589719791 19.5230416572103
478 21.8997401911542 21.1053355217206 20.6908982353304 19.5241794253213
478.999999999999 21.9008811900356 21.1064740488526 20.6920351153055 19.5253148147409
480 21.9020198026115 21.1076101974073 20.6931696218531 19.5264478353935
481 21.9031560388355 21.108743977298 20.69430176486 19.5275784971416
482 21.9042899085992 21.1098753983763 20.6954315541512 19.528706809786
482.999999999999 21.9054214217323 21.1110044704326 20.6965589994906 19.5298327830668
484 21.9065505880039 21.1121312031962 20.6976841105814 19.5309564266636
485 21.9076774171219 21.1132556063364 20.6988068970668 19.5320777501959
485.999999999999 21.9088019187345 21.1143776894625 20.6999273685302 19.5331967632239
487 21.9099241024303 21.1154974621245 20.7010455344962 19.5343134752489
488 21.9110439777385 21.1166149338136 20.7021614044304 19.5354278957134
489 21.9121615541301 21.1177301139627 20.7032749877404 19.5365400340022
490 21.9132768410175 21.1188430119467 20.704386293776 19.5376498994424
491 21.9143898477558 21.1199536370832 20.70549533183 19.5387575013042
492 21.9155005836427 21.1210619986328 20.7066021111382 19.5398628488011
493 21.9166090579193 21.1221681057998 20.7077066408803 19.5409659510905
494 21.9177152797702 21.1232719677322 20.7088089301799 19.542066817274
495 21.9188192583244 21.1243735935226 20.7099089881055 19.5431654563981
496 21.9199210026555 21.1254729922085 20.7110068236704 19.5442618774544
497 21.9210205217821 21.1265701727728 20.7121024458338 19.5453560893805
498 21.9221178246683 21.127665144144 20.7131958635003 19.5464481010595
499 21.9232129202244 21.1287579151969 20.7142870855214 19.5475379213216
499.999999999999 21.9243058173067 21.129848494753 20.7153761206949 19.5486255589436
501 21.9253965247187 21.1309368915807 20.7164629777664 19.5497110226498
501.999999999999 21.9264850512109 21.1320231143961 20.7175476654286 19.5507943211123
503 21.9275714054816 21.1331071718631 20.7186301923226 19.5518754629514
504 21.9286555961772 21.1341890725939 20.7197105670379 19.5529544567361
505 21.9297376318924 21.1352688251494 20.720788798113 19.5540313109842
506 21.9308175211709 21.1363464380399 20.7218648940354 19.5551060341632
507 21.931895272506 21.1374219197248 20.7229388632425 19.5561786346904
508 21.9329708943402 21.1384952786138 20.7240107141219 19.5572491209332
508.999999999999 21.9340443950665 21.1395665230668 20.7250804550115 19.5583175012096
509.999999999999 21.9351157830281 21.1406356613944 20.7261480942001 19.5593837837888
511 21.9361850665195 21.1417027018584 20.7272136399278 19.5604479768913
512 21.937252253786 21.1427676526721 20.7282771003863 19.5615100886893
512.999999999999 21.9383173530249 21.1438305220004 20.7293384837195 19.5625701273072
514 21.9393803723853 21.1448913179609 20.7303977980233 19.5636281008221
515 21.9404413199688 21.1459500486234 20.7314550513469 19.5646840172637
516 21.9415002038298 21.147006722011 20.732510251692 19.5657378846152
517 21.9425570319759 21.1480613460999 20.7335634070144 19.5667897108132
518 21.9436118123679 21.1491139288202 20.7346145252234 19.5678395037484
519 21.9446645529208 21.1501644780559 20.7356636141825 19.5688872712659
520 21.9457152615037 21.1512130016457 20.7367106817099 19.5699330211655
521 21.9467639459402 21.1522595073827 20.7377557355788 19.5709767612017
522 21.9478106140089 21.1533040030154 20.7387987835173 19.5720184990849
523 21.9488552734435 21.1543464962476 20.7398398332094 19.5730582424807
524 21.9498979319337 21.1553869947391 20.740878892295 19.5740959990113
525 21.9509385971246 21.1564255061057 20.7419159683702 19.5751317762547
526 21.9519772766181 21.1574620379197 20.7429510689877 19.5761655817462
527 21.9530139779723 21.1584965977101 20.7439842016572 19.5771974229777
528 21.9540487087025 21.1595291929633 20.7450153738456 19.5782273073987
529 21.9550814762811 21.1605598311229 20.7460445929776 19.5792552424165
530 21.9561122881383 21.1615885195905 20.7470718664354 19.5802812353961
531 21.9571411516621 21.1626152657256 20.7480972015599 19.5813052936612
532 21.9581680741986 21.1636400768461 20.7491206056501 19.582327424494
533 21.9591930630526 21.164662960229 20.7501420859641 19.5833476351355
534 21.9602161254877 21.1656839231099 20.7511616497192 19.5843659327862
534.999999999999 21.9612372687267 21.1667029726839 20.752179304092 19.5853823246062
536 21.9622564999519 21.1677201161059 20.7531950562191 19.5863968177153
537 21.9632738263053 21.1687353604904 20.7542089131968 19.5874094191935
538 21.964289254889 21.1697487129126 20.7552208820822 19.5884201360814
539 21.9653027927653 21.170760180408 20.7562309698927 19.5894289753803
540 21.9663144469576 21.1717697699727 20.757239183607 19.5904359440526
540.999999999999 21.9673242244498 21.1727774885645 20.7582455301646 19.591441049022
542 21.9683321321872 21.173783343102 20.7592500164669 19.5924442971738
543 21.9693381770767 21.174787340466 20.7602526493771 19.5934456953552
543.999999999999 21.970342365987 21.175789487499 20.7612534357202 19.5944452503758
545 21.9713447057487 21.1767897910058 20.7622523822838 19.5954429690074
546 21.9723452031552 21.1777882577538 20.7632494958183 19.5964388579848
547 21.973343864962 21.1787848944732 20.7642447830365 19.5974329240056
548 21.9743406978879 21.1797797078573 20.765238250615 19.5984251737308
548.999999999999 21.9753357086149 21.1807727045626 20.7662299051935 19.599415613785
549.999999999999 21.9763289037882 21.1817638912095 20.7672197533755 19.6004042507565
551 21.9773202900168 21.182753274382 20.7682078017286 19.6013910911978
552 21.978309873874 21.1837408606285 20.7691940567844 19.6023761416258
553 21.979297661897 21.1847266564615 20.7701785250392 19.6033594085218
554 21.9802836605875 21.1857106683585 20.7711612129541 19.6043408983322
555 21.9812678764123 21.1866929027618 20.7721421269552 19.6053206174682
555.999999999999 21.9822503158028 21.1876733660787 20.7731212734338 19.6062985723068
557 21.9832309851561 21.1886520646821 20.7740986587467 19.6072747691902
557.999999999999 21.9842098908344 21.1896290049107 20.7750742892166 19.6082492144267
559 21.985187039166 21.1906041930687 20.7760481711321 19.6092219142908
560 21.986162436445 21.1915776354269 20.7770203107482 19.6101928750229
561 21.9871360889319 21.1925493382223 20.7779907142862 19.6111621028306
561.999999999999 21.9881080028536 21.1935193076585 20.7789593879344 19.6121296038878
563 21.9890781844037 21.1944875499061 20.7799263378478 19.6130953843358
564 21.990046639743 21.1954540711027 20.7808915701488 19.614059450283
565 21.9910133749992 21.1964188773533 20.7818550909272 19.6150218078055
566 21.9919783962677 21.1973819747306 20.7828169062404 19.615982462947
566.999999999999 21.9929417096114 21.1983433692749 20.7837770221138 19.6169414217193
568 21.9939033210612 21.1993030669946 20.7847354445409 19.6178986901023
569 21.994863236616 21.2002610738665 20.7856921794836 19.6188542740446
570 21.9958214622432 21.2012173958358 20.7866472328722 19.619808179463
571 21.9967780038786 21.2021720388162 20.787600610606 19.6207604122437
572 21.997732867427 21.2031250086907 20.7885523185532 19.6217109782415
573 21.9986860587621 21.2040763113111 20.7895023625513 19.6226598832809
574 21.9996375837266 21.2050259524988 20.7904507484071 19.6236071331558
575 22.0005874481331 21.2059739380447 20.7913974818973 19.6245527336297
576 22.0015356577635 21.2069202737094 20.7923425687683 19.6254966904363
577 22.0024822183698 21.2078649652236 20.7932860147366 19.6264390092792
578 22.0034271356737 21.2088080182882 20.794227825489 19.6273796958325
579 22.0043704153676 21.2097494385743 20.7951680066827 19.6283187557409
579.999999999999 22.0053120631142 21.2106892317239 20.7961065639459 19.6292561946198
580.999999999999 22.0062520845469 21.2116274033497 20.7970435028773 19.6301920180556
582 22.0071904852699 21.2125639590354 20.7979788290471 19.631126231606
582.999999999999 22.0081272708587 21.2134989043358 20.7989125479963 19.6320588407997
584 22.0090624468599 21.2144322447774 20.7998446652379 19.6329898511373
585 22.0099960187916 21.215363985858 20.8007751862562 19.6339192680912
586 22.0109279921437 21.2162941330474 20.8017041165077 19.6348470971055
587 22.011858372378 21.2172226917873 20.8026314614207 19.6357733435967
587.999999999999 22.0127871649281 21.2181496674917 20.803557226396 19.6366980129533
589 22.0137143752001 21.2190750655468 20.8044814168066 19.6376211105367
589.999999999999 22.0146400085725 21.2199988913114 20.8054040379984 19.6385426416808
591 22.0155640703964 21.2209211501173 20.80632509529 19.6394626116924
592 22.0164865659956 21.2218418472689 20.8072445939729 19.6403810258515
593 22.0174075006673 21.2227609880438 20.8081625393119 19.6412978894112
594 22.0183268796813 21.2236785776931 20.8090789365453 19.6422132075982
595 22.0192447082813 21.2245946214411 20.8099937908848 19.6431269856126
596 22.0201609916842 21.2255091244859 20.8109071075158 19.6440392286286
597 22.0210757350807 21.2264220919994 20.8118188915977 19.6449499417942
597.999999999999 22.0219889436356 21.2273335291275 20.8127291482639 19.6458591302314
599 22.0229006224874 21.2282434409904 20.8136378826222 19.6467667990368
600 22.0238107767492 21.2291518326825 20.8145450997546 19.6476729532813
601 22.0247194115082 21.2300587092726 20.8154508047178 19.6485775980106
602 22.0256265318265 21.2309640758046 20.8163550025434 19.6494807382451
603 22.0265321427408 21.231867937297 20.8172576982377 19.6503823789802
604 22.0274362492626 21.2327702987432 20.8181588967823 19.6512825251867
605 22.0283388563787 21.2336711651121 20.819058603134 19.6521811818103
606 22.0292399690511 21.2345705413477 20.8199568222249 19.6530783537727
607 22.0301395922172 21.2354684323697 20.8208535589628 19.6539740459707
608 22.0310377307898 21.2363648430734 20.8217488182313 19.6548682632774
609 22.0319343896578 21.2372597783299 20.8226426048899 19.6557610105415
610 22.0328295736857 21.2381532429864 20.823534923774 19.6566522925882
611 22.0337232877142 21.2390452418663 20.8244257796954 19.6575421142186
612 22.0346155365603 21.239935779769 20.8253151774422 19.6584304802105
613 22.035506325017 21.2408248614708 20.8262031217791 19.6593173953182
614 22.0363956578542 21.2417124917243 20.8270896174475 19.6602028642728
614.999999999999 22.0372835398185 21.242598675259 20.8279746691654 19.6610868917821
616 22.0381699756329 21.2434834167814 20.8288582816282 19.6619694825313
617 22.0390549699979 21.2443667209749 20.8297404595081 19.6628506411825
617.999999999999 22.0399385275908 21.2452485925002 20.8306212074546 19.6637303723753
619 22.0408206530662 21.2461290359955 20.8315005300949 19.6646086807267
620 22.0417013510563 21.2470080560764 20.8323784320336 19.6654855708313
621 22.0425806261708 21.247885657336 20.833254917853 19.6663610472617
621.999999999999 22.0434584829969 21.2487618443456 20.8341299921133 19.6672351145682
623 22.0443349261 21.249636621654 20.8350036593528 19.6681077772792
624 22.0452099600232 21.2505099937885 20.8358759240878 19.6689790399015
625 22.046083589288 21.2513819652544 20.8367467908129 19.66984890692
625.999999999999 22.046955818394 21.2522525405353 20.8376162640014 19.6707173827982
627 22.0478266518193 21.2531217240936 20.8384843481048 19.6715844719781
627.999999999999 22.0486960940205 21.25398952037 20.8393510475535 19.6724501788808
629 22.049564149433 21.2548559337844 20.8402163667567 19.6733145079058
630 22.0504308224709 21.2557209687351 20.8410803101026 19.6741774634321
630.999999999999 22.0512961175273 21.2565846295999 20.8419428819585 19.6750390498175
632 22.0521600389745 21.2574469207355 20.842804086671 19.6758992713993
633 22.0530225911639 21.2583078464781 20.8436639285659 19.6767581324942
634 22.0538837784264 21.2591674111433 20.8445224119486 19.6776156373983
635 22.0547436050722 21.2600256190262 20.8453795411043 19.6784717903876
636 22.0556020753912 21.2608824744016 20.8462353202976 19.6793265957178
636.999999999999 22.0564591936533 21.2617379815242 20.8470897537734 19.6801800576245
637.999999999999 22.0573149641078 21.2625921446287 20.8479428457562 19.6810321803235
638.999999999999 22.0581693909843 21.2634449679298 20.848794600451 19.6818829680106
639.999999999999 22.0590224784926 21.2642964556225 20.8496450220428 19.682732424862
641 22.0598742308226 21.2651466118819 20.8504941146971 19.6835805550345
642 22.0607246521446 21.2659954408639 20.85134188256 19.6844273626651
642.999999999999 22.0615737466094 21.2668429467046 20.8521883297581 19.6852728518718
644 22.0624215183484 21.2676891335213 20.8530334603987 19.6861170267533
645 22.0632679714738 21.2685340054115 20.8538772785701 19.6869598913891
646 22.0641131100787 21.2693775664542 20.8547197883416 19.68780144984
647 22.064956938237 21.270219820709 20.8555609937634 19.6886417061476
647.999999999999 22.0657994600039 21.2710607722171 20.8564008988672 19.689480664335
649 22.0666406794156 21.2719004250006 20.857239507666 19.6903183284068
650 22.0674806004898 21.2727387830633 20.8580768241539 19.6911547023487
651 22.0683192272257 21.2735758503903 20.858912852307 19.6919897901285
652 22.0691565636037 21.2744116309484 20.859747596083 19.6928235956953
653 22.0699926135864 21.2752461286863 20.8605810594211 19.6936561229802
654 22.0708273811177 21.2760793475343 20.8614132462428 19.6944873758965
655 22.0716608701236 21.2769112914049 20.8622441604513 19.6953173583391
656 22.0724930845122 21.2777419641925 20.8630738059322 19.6961460741854
656.999999999999 22.0733240281735 21.2785713697738 20.863902186553 19.696973527295
658 22.0741537049799 21.2793995120077 20.8647293061639 19.6977997215098
659 22.0749821187861 21.2802263947356 20.8655551685974 19.6986246606543
659.999999999999 22.0758092734292 21.2810520217814 20.8663797776684 19.6994483485355
660.999999999999 22.0766351727288 21.2818763969515 20.8672031371746 19.7002707889433
662 22.0774598204872 21.2826995240351 20.8680252508967 19.7010919856501
662.999999999999 22.0782832204894 21.2835214068043 20.8688461225978 19.7019119424115
663.999999999999 22.0791053765035 21.2843420490141 20.8696657560243 19.702730662966
665 22.0799262922803 21.2851614544023 20.8704841549056 19.7035481510352
666 22.0807459715537 21.2859796266902 20.8713013229544 19.7043644103239
667 22.0815644180409 21.2867965695821 20.8721172638663 19.7051794445203
668 22.0823816354422 21.2876122867656 20.8729319813208 19.7059932572959
669 22.0831976274414 21.288426781912 20.8737454789804 19.7068058523059
669.999999999999 22.0840123977057 21.2892400586759 20.8745577604915 19.7076172331891
671 22.0848259498859 21.2900521206955 20.875368829484 19.7084274035677
671.999999999999 22.0856382876165 21.290862971593 20.8761786895718 19.7092363670481
673 22.0864494145157 21.2916726149741 20.8769873443524 19.7100441272205
673.999999999999 22.0872593341855 21.2924810544286 20.8777947974073 19.7108506876589
675 22.0880680502121 21.2932882935304 20.8786010523023 19.7116560519218
676 22.0888755661654 21.2940943358373 20.8794061125871 19.7124602235514
677 22.0896818855997 21.2948991848915 20.8802099817958 19.7132632060746
677.999999999999 22.0904870120536 21.2957028442194 20.8810126634468 19.7140650030025
679 22.0912909490497 21.2965053173318 20.8818141610429 19.7148656178306
679.999999999999 22.0920937000952 21.2973066077239 20.8826144780714 19.7156650540392
680.999999999999 22.0928952686821 21.2981067188758 20.8834136180043 19.7164633150931
682 22.0936956582865 21.2989056542518 20.8842115842984 19.7172604044417
683 22.0944948723695 21.2997034173014 20.885008380395 19.7180563255196
683.999999999999 22.095292914377 21.3005000114586 20.8858040097205 19.718851081746
685 22.0960897877396 21.3012954401425 20.8865984756863 19.7196446765253
685.999999999999 22.0968854958731 21.3020897067573 20.8873917816887 19.7204371132469
686.999999999999 22.097680042178 21.3028828146921 20.8881839311094 19.7212283952853
687.999999999999 22.0984734300404 21.3036747673214 20.8889749273151 19.7220185260005
689 22.0992656628313 21.3044655680049 20.8897647736578 19.7228075087378
689.999999999999 22.100056743907 21.3052552200876 20.8905534734752 19.7235953468277
690.999999999999 22.1008466766093 21.3060437269 20.8913410300902 19.7243820435866
692 22.1016354642656 21.3068310917582 20.8921274468114 19.7251676023161
693 22.1024231101886 21.3076173179639 20.8929127269331 19.725952026304
694 22.1032096176769 21.3084024088044 20.8936968737352 19.7267353188233
695 22.1039949900146 21.309186367553 20.8944798904835 19.7275174831333
696 22.1047792304718 21.3099691974686 20.8952617804298 19.7282985224791
697 22.1055623423044 21.3107509017962 20.8960425468117 19.7290784400917
698 22.1063443287543 21.3115314837669 20.896822192853 19.7298572391884
698.999999999999 22.1071251930495 21.3123109465978 20.8976007217636 19.7306349229725
699.999999999999 22.1079049384039 21.3130892934922 20.8983781367397 19.7314114946337
701 22.108683568018 21.3138665276397 20.8991544409637 19.732186957348
701.999999999999 22.1094610850783 21.3146426522162 20.8999296376045 19.7329613142778
703 22.1102374927579 21.315417670384 20.9007037298172 19.7337345685719
704 22.111012794216 21.3161915852921 20.9014767207438 19.7345067233658
705 22.1117869925987 21.3169644000758 20.9022486135126 19.7352777817816
706 22.1125600910385 21.3177361178574 20.9030194112389 19.7360477469282
707 22.1133320926546 21.3185067417455 20.9037891170245 19.7368166219011
708 22.1141030005531 21.3192762748358 20.904557733958 19.7375844097829
708.999999999999 22.1148728178267 21.3200447202109 20.9053252651153 19.7383511136429
710 22.1156415475551 21.3208120809401 20.9060917135589 19.7391167365377
711 22.116409192805 21.32157836008 20.9068570823384 19.7398812815107
712 22.1171757566302 21.3223435606742 20.9076213744908 19.7406447515928
713 22.1179412420716 21.3231076857535 20.9083845930401 19.7414071498018
713.999999999999 22.1187056521571 21.3238707383358 20.9091467409976 19.7421684791429
714.999999999999 22.1194689899022 21.3246327214265 20.9099078213619 19.7429287426089
716 22.1202312583095 21.3253936380183 20.9106678371192 19.7436879431799
716.999999999999 22.120992460369 21.3261534910914 20.911426791243 19.7444460838233
718 22.1217525990584 21.3269122836135 20.9121846866945 19.7452031674945
719 22.1225116773426 21.3276700185399 20.9129415264223 19.7459591971362
719.999999999999 22.1232696981746 21.3284266988135 20.9136973133631 19.7467141756791
721 22.1240266644946 21.3291823273651 20.914452050441 19.7474681060415
721.999999999999 22.1247825792308 21.3299369071131 20.915205740568 19.7482209911297
722.999999999999 22.1255374452993 21.330690440964 20.9159583866443 19.7489728338378
724 22.1262912656039 21.331442931812 20.9167099915576 19.749723637048
725 22.1270440430365 21.3321943825395 20.9174605581839 19.7504734036306
725.999999999999 22.1277957804769 21.3329447960168 20.9182100893874 19.7512221364438
727 22.1285464807931 21.3336941751025 20.9189585880203 19.7519698383343
727.999999999999 22.1292961468412 21.3344425226434 20.9197060569231 19.7527165121368
728.999999999999 22.1300447814655 21.3351898414744 20.9204524989244 19.7534621606745
729.999999999999 22.1307923874987 21.3359361344188 20.9211979168415 19.7542067867589
730.999999999999 22.1315389677617 21.3366814042883 20.9219423134799 19.75495039319
731.999999999999 22.132284525064 21.3374256538832 20.9226856916337 19.7556929827563
733 22.1330290622033 21.3381688859921 20.9234280540854 19.7564345582348
733.999999999999 22.1337725819662 21.3389111033924 20.9241694036062 19.7571751223913
735 22.1345150871275 21.3396523088499 20.9249097429561 19.7579146779801
736 22.135256580451 21.3403925051193 20.9256490748836 19.7586532277445
736.999999999999 22.1359970646891 21.341131694944 20.9263874021262 19.7593907744164
738 22.136736542583 21.3418698810563 20.9271247274101 19.7601273207166
739 22.1374750168626 21.3426070661772 20.9278610534506 19.7608628693552
739.999999999999 22.1382124902471 21.3433432530168 20.9285963829517 19.7615974230307
741 22.1389489654441 21.3440784442744 20.9293307186069 19.7623309844313
742 22.1396844451508 21.3448126426379 20.9300640630982 19.7630635562338
743 22.1404189320531 21.3455458507847 20.9307964190972 19.7637951411044
743.999999999999 22.1411524288263 21.3462780713813 20.9315277892647 19.7645257416987
745 22.1418849381346 21.3470093070835 20.9322581762505 19.7652553606613
745.999999999999 22.1426164626318 21.3477395605361 20.9329875826939 19.7659840006263
747 22.1433470049607 21.3484688343737 20.9337160112236 19.7667116642173
748 22.1440765677539 21.34919713122 20.9344434644578 19.7674383540472
749 22.144805153633 21.3499244536884 20.935169945004 19.7681640727185
749.999999999999 22.1455327652092 21.3506508043815 20.9358954554595 19.7688888228233
750.999999999999 22.1462594050835 21.3513761858919 20.9366199984109 19.7696126069433
752 22.1469850758462 21.3521006008016 20.9373435764349 19.7703354276499
752.999999999999 22.1477097800775 21.3528240516823 20.9380661920975 19.7710572875042
754 22.148433520347 21.3535465410955 20.9387878479547 19.7717781890573
755 22.1491562992144 21.3542680715925 20.9395085465523 19.7724981348498
756 22.1498781192291 21.3549886457144 20.9402282904261 19.7732171274127
756.999999999999 22.1505989829303 21.3557082659924 20.9409470821015 19.7739351692664
758 22.1513188928471 21.3564269349474 20.9416649240942 19.7746522629218
759 22.1520378514988 21.3571446550906 20.9423818189099 19.7753684108795
760 22.1527558613946 21.357861428923 20.9430977690444 19.7760836156305
761 22.1534729250337 21.3585772589359 20.9438127769834 19.7767978796559
762 22.1541890449056 21.3592921476108 20.9445268452032 19.7775112054268
763 22.1549042234899 21.3600060974193 20.9452399761701 19.7782235954049
764 22.1556184632565 21.3607191108234 20.9459521723407 19.7789350520421
764.999999999999 22.1563317666656 21.3614311902752 20.9466634361621 19.7796455777805
766 22.1570441361675 21.3621423382176 20.9473737700716 19.7803551750529
767 22.1577555742034 21.3628525570835 20.9480831764972 19.7810638462825
768 22.1584660832044 21.3635618492965 20.9487916578572 19.7817715938828
769 22.1591756655924 21.3642702172708 20.9494992165606 19.7824784202583
769.999999999999 22.1598843237799 21.3649776634109 20.9502058550069 19.7831843278038
771 22.1605920601698 21.3656841901123 20.9509115755864 19.7838893189048
772 22.1612988771557 21.3663897997609 20.9516163806798 19.7845933959376
773 22.162004777122 21.3670944947334 20.9523202726588 19.7852965612693
773.999999999999 22.1627097624436 21.3677982773972 20.9530232538859 19.7859988172578
775 22.1634138354865 21.3685011501108 20.9537253267144 19.7867001662518
775.999999999999 22.1641169986074 21.3692031152232 20.9544264934884 19.7874006105909
777 22.1648192541537 21.3699041750745 20.955126756543 19.7881001526058
777.999999999999 22.165520604464 21.3706043319959 20.9558261182044 19.788798794618
779 22.1662210518678 21.3713035883094 20.9565245807896 19.7894965389402
780 22.1669205986854 21.3720019463281 20.9572221466069 19.7901933878763
780.999999999999 22.1676192472286 21.3726994083561 20.9579188179557 19.7908893437211
782 22.1683169998 21.373395976689 20.9586145971263 19.7915844087606
782.999999999999 22.1690138586933 21.3740916536132 20.9593094864006 19.7922785852723
783.999999999999 22.1697098261936 21.3747864414066 20.9600034880514 19.7929718755247
785 22.1704049045773 21.3754803423381 20.9606966043432 19.7936642817778
786 22.1710990961119 21.3761733586683 20.9613888375314 19.7943558062829
787 22.1717924030563 21.3768654926489 20.9620801898632 19.7950464512826
787.999999999999 22.1724848276608 21.3775567465231 20.9627706635769 19.7957362190111
788.999999999999 22.1731763721671 21.3782471225256 20.9634602609025 19.7964251116942
790 22.1738670388085 21.3789366228824 20.9641489840615 19.797113131549
791 22.1745568298096 21.3796252498113 20.9648368352669 19.7978002807842
792 22.1752457473868 21.3803130055216 20.9655238167232 19.7984865616004
792.999999999999 22.1759337937478 21.3809998922141 20.9662099306269 19.7991719761896
794 22.1766209710923 21.3816859120816 20.9668951791657 19.7998565267355
795 22.1773072816113 21.3823710673082 20.9675795645196 19.8005402154138
796 22.1779927274878 21.38305536007 20.9682630888598 19.8012230443917
797 22.1786773108965 21.3837387925348 20.9689457543498 19.8019050158285
798 22.1793610340039 21.3844213668625 20.9696275631446 19.8025861318752
799 22.1800438989683 21.3851030852044 20.9703085173914 19.8032663946747
800 22.1807259079399 21.3857839497041 20.9709886192291 19.8039458063621
801 22.1814070630609 21.3864639624971 20.9716678707887 19.8046243690641
802 22.1820873664655 21.3871431257108 20.9723462741932 19.8053020848999
803 22.1827668202797 21.3878214414647 20.9730238315577 19.8059789559803
804 22.1834454266218 21.3884989118703 20.9737005449892 19.8066549844086
805 22.1841231876021 21.3891755390314 20.9743764165871 19.8073301722801
806 22.1848001053229 21.3898513250437 20.9750514484429 19.8080045216823
807 22.1854761818789 21.3905262719954 20.9757256426402 19.8086780346949
807.999999999999 22.1861514193569 21.3912003819667 20.9763990012549 19.8093507133899
808.999999999999 22.1868258198358 21.3918736570301 20.9770715263554 19.8100225598317
810 22.187499385387 21.3925460992506 20.9777432200021 19.8106935760769
811 22.1881721180742 21.3932177106852 20.978414084248 19.8113637641747
812 22.1888440199533 21.3938884933838 20.9790841211385 19.8120331261663
812.999999999999 22.1895150930728 21.3945584493882 20.9797533327112 19.8127016640859
813.999999999999 22.1901853394734 21.3952275807329 20.9804217209966 19.8133693799598
815 22.1908547611886 21.3958958894451 20.9810892880173 19.814036275807
815.999999999999 22.1915233602441 21.3965633775441 20.9817560357887 19.814702353639
817 22.1921911386583 21.3972300470421 20.9824219663188 19.8153676154601
817.999999999999 22.1928580984421 21.3978958999438 20.983087081608 19.816032063267
818.999999999999 22.1935242415991 21.3985609382466 20.9837513836497 19.8166956990491
819.999999999999 22.1941895701256 21.3992251639405 20.9844148744296 19.8173585247887
820.999999999999 22.1948540860104 21.3998885790082 20.9850775559266 19.8180205424608
821.999999999999 22.1955177912353 21.4005511854253 20.985739430112 19.8186817540329
822.999999999999 22.1961806877745 21.4012129851601 20.98640049895 19.8193421614658
824 22.1968427775954 21.4018739801737 20.9870607643978 19.8200017667127
824.999999999999 22.1975040626579 21.4025341724201 20.9877202284052 19.8206605717201
826 22.198164544915 21.4031935638462 20.9883788929151 19.821318578427
826.999999999999 22.1988242263124 21.4038521563917 20.9890367598634 19.8219757887658
828 22.199483108789 21.4045099519895 20.9896938311788 19.8226322046616
829 22.2001411942763 21.4051669525652 20.990350108783 19.8232878280325
829.999999999999 22.2007984846992 21.4058231600378 20.9910055945911 19.8239426607899
831 22.2014549819754 21.406478576319 20.9916602905108 19.8245967048381
831.999999999999 22.2021106880156 21.4071332033137 20.9923141984432 19.8252499620746
833 22.202765604724 21.4077870429201 20.9929673202824 19.82590243439
833.999999999999 22.2034197339974 21.4084400970295 20.9936196579159 19.8265541236682
834.999999999999 22.2040730777262 21.4090923675261 20.9942712132243 19.8272050317863
836 22.2047256377938 21.4097438562878 20.9949219880812 19.8278551606146
836.999999999999 22.2053774160769 21.4103945651855 20.9955719843538 19.8285045120167
837.999999999999 22.2060284144454 21.4110444960832 20.9962212039026 19.8291530878496
838.999999999999 22.2066786347626 21.4116936508387 20.9968696485812 19.8298008899635
840 22.2073280788851 21.4123420313027 20.9975173202367 19.8304479202021
841 22.2079767486628 21.4129896393197 20.9981642207098 19.8310941804026
841.999999999999 22.208624645939 21.4136364767272 20.9988103518342 19.8317396723955
842.999999999999 22.2092717725505 21.4142825453565 20.9994557154375 19.8323843980048
844 22.2099181303276 21.4149278470321 21.0001003133406 19.8330283590481
845 22.210563721094 21.4155723835723 21.0007441473579 19.8336715573364
845.999999999999 22.2112085466668 21.4162161567888 21.0013872192974 19.8343139946745
847 22.211852608857 21.4168591684867 21.0020295309606 19.8349556728605
848 22.2124959094688 21.417501420465 21.0026710841429 19.8355965936864
848.999999999999 22.2131384503003 21.4181429145162 21.003311880633 19.8362367589377
850 22.2137802331431 21.4187836524265 21.0039519222136 19.8368761703937
850.999999999999 22.2144212597825 21.4194236359756 21.0045912106608 19.8375148298274
851.999999999999 22.2150615319974 21.4200628669374 21.0052297477446 19.8381527390055
853 22.2157010515606 21.4207013470789 21.0058675352289 19.8387898996884
854 22.2163398202386 21.4213390781615 21.0065045748711 19.8394263136306
854.999999999999 22.2169778397918 21.42197606194 21.0071408684226 19.8400619825801
856 22.2176151119741 21.4226123001632 21.0077764176288 19.8406969082791
857 22.2182516385335 21.4232477945738 21.0084112242286 19.8413310924634
858 22.2188874212118 21.4238825469083 21.0090452899551 19.8419645368628
858.999999999999 22.2195224617449 21.4245165588971 21.0096786165353 19.8425972432013
859.999999999999 22.2201567618623 21.4251498322648 21.0103112056902 19.8432292131965
861 22.2207903232877 21.4257823687298 21.0109430591347 19.8438604485603
861.999999999999 22.2214231477387 21.4264141700044 21.0115741785777 19.8444909509985
862.999999999999 22.2220552369268 21.4270452377951 21.0122045657223 19.845120722211
863.999999999999 22.2226865925579 21.4276755738024 21.0128342222655 19.8457497638918
864.999999999999 22.2233172163317 21.4283051797211 21.0134631498986 19.846378077729
865.999999999999 22.2239471099419 21.4289340572397 21.0140913503069 19.8470056654049
866.999999999999 22.2245762750766 21.4295622080413 21.01471882517 19.8476325285959
867.999999999999 22.225204713418 21.4301896338029 21.0153455761614 19.8482586689727
869 22.2258324266423 21.4308163361957 21.0159716049492 19.8488840882
869.999999999999 22.22645941642 21.4314423168853 21.0165969131955 19.8495087879372
870.999999999999 22.227085684416 21.4320675775314 21.0172215025566 19.8501327698374
872 22.2277112322892 21.432692119788 21.0178453746834 19.8507560355485
873 22.228336061693 21.4333159453035 21.0184685312208 19.8513785867126
873.999999999999 22.228960174275 21.4339390557206 21.0190909738082 19.8520004249659
874.999999999999 22.2295835716771 21.4345614526764 21.0197127040794 19.8526215519393
876 22.2302062555357 21.4351831378021 21.0203337236626 19.8532419692579
876.999999999999 22.2308282274815 21.4358041127238 21.0209540341803 19.8538616785416
878 22.2314494891396 21.4364243790616 21.0215736372496 19.8544806814042
879 22.2320700421297 21.4370439384303 21.0221925344819 19.8550989794544
879.999999999999 22.2326898880657 21.4376627924391 21.0228107274833 19.8557165742953
881 22.2333090285563 21.4382809426918 21.0234282178544 19.8563334675246
881.999999999999 22.2339274652045 21.4388983907866 21.0240450071901 19.8569496607344
882.999999999999 22.2345451996079 21.4395151383164 21.0246610970801 19.8575651555115
883.999999999999 22.2351622333587 21.4401311868686 21.0252764891088 19.8581799534373
884.999999999999 22.2357785680436 21.4407465380252 21.025891184855 19.8587940560878
885.999999999999 22.2363942052441 21.4413611933629 21.0265051858922 19.8594074650338
886.999999999999 22.2370091465362 21.441975154453 21.0271184937886 19.8600201818405
888 22.2376233934904 21.4425884228616 21.0277311101072 19.8606322080681
888.999999999999 22.2382369476724 21.4432010001494 21.0283430364055 19.8612435452714
889.999999999999 22.2388498106421 21.4438128878718 21.0289542742359 19.8618541949999
890.999999999999 22.2394619839543 21.4444240875791 21.0295648251455 19.862464158798
891.999999999999 22.2400734691587 21.4450346008162 21.0301746906763 19.8630734382049
892.999999999999 22.2406842677997 21.4456444291229 21.0307838723651 19.8636820347545
893.999999999999 22.2412943814164 21.4462535740339 21.0313923717433 19.8642899499756
894.999999999999 22.2419038115429 21.4468620370786 21.0320001903374 19.8648971853919
895.999999999999 22.2425125597079 21.4474698197814 21.0326073296687 19.865503742522
896.999999999999 22.2431206274354 21.4480769236614 21.0332137912535 19.8661096228795
897.999999999999 22.2437280162439 21.4486833502329 21.033819576603 19.8667148279727
898.999999999999 22.244334727647 21.449289101005 21.0344246872231 19.867319359305
900 22.2449407631532 21.4498941774816 21.0350291246151 19.867923218375
900.999999999999 22.245546124266 21.4504985811619 21.035632890275 19.8685264066758
902 22.2461508124839 21.4511023135399 21.0362359856938 19.8691289256961
903 22.2467548293004 21.4517053761046 21.0368384123578 19.8697307769193
903.999999999999 22.247358176204 21.4523077703403 21.0374401717481 19.8703319618238
904.999999999999 22.2479608546783 21.452909497726 21.0380412653411 19.8709324818834
906 22.2485628662019 21.4535105597362 21.038641694608 19.8715323385669
906.999999999999 22.2491642122486 21.4541109578401 21.0392414610155 19.8721315333381
908 22.2497648942873 21.4547106935025 21.0398405660252 19.8727300676561
908.999999999999 22.2503649137819 21.4553097681829 21.040439011094 19.8733279429752
910 22.2509642721918 21.4559081833364 21.0410367976738 19.8739251607447
910.999999999999 22.2515629709712 21.4565059404129 21.041633927212 19.8745217224094
911.999999999999 22.2521610115698 21.4571030408578 21.042230401151 19.8751176294092
912.999999999999 22.2527583954324 21.4576994861117 21.0428262209286 19.8757128831793
913.999999999999 22.2533551239989 21.4582952776105 21.0434213879778 19.8763074851501
915 22.2539511987049 21.4588904167851 21.0440159037268 19.8769014367474
915.999999999999 22.2545466209807 21.4594849050621 21.0446097695994 19.8774947393923
917 22.2551413922525 21.4600787438632 21.0452029870144 19.8780873945012
918 22.2557355139415 21.4606719346055 21.0457955573863 19.878679403486
918.999999999999 22.2563289874642 21.4612644787015 21.0463874821247 19.8792707677539
920 22.2569218142326 21.461856377559 21.0469787626347 19.8798614887074
921 22.2575139956543 21.4624476325813 21.0475694003168 19.8804515677447
922 22.2581055331318 21.4630382451671 21.0481593965671 19.8810410062592
922.999999999999 22.2586964280635 21.4636282167105 21.0487487527768 19.8816298056398
924 22.2592866818431 21.4642175486011 21.049337470333 19.882217967271
924.999999999999 22.2598762958596 21.464806242224 21.049925550618 19.8828054925328
926 22.2604652714977 21.4653942989599 21.0505129950097 19.8833923828006
926.999999999999 22.2610536101376 21.4659817201848 21.0510998048815 19.8839786394454
928 22.261641313155 21.4665685072705 21.0516859816025 19.8845642638339
928.999999999999 22.262228381921 21.467154661584 21.0522715265373 19.8851492573281
929.999999999999 22.2628148178025 21.4677401844884 21.0528564410459 19.8857336212859
930.999999999999 22.2634006221619 21.468325077342 21.0534407264843 19.8863173570607
931.999999999999 22.2639857963571 21.4689093414988 21.0540243842037 19.8869004660015
932.999999999999 22.2645703417418 21.4694929783086 21.0546074155513 19.8874829494529
933.999999999999 22.2651542596652 21.4700759891166 21.0551898218699 19.8880648087555
935 22.2657375514722 21.4706583752639 21.0557716044977 19.8886460452451
935.999999999999 22.2663202185036 21.4712401380873 21.056352764769 19.8892266602536
936.999999999999 22.2669022620955 21.471821278919 21.0569333040136 19.8898066551086
937.999999999999 22.26748368358 21.4724017990874 21.0575132235571 19.8903860311332
938.999999999999 22.2680644842849 21.4729816999164 21.0580925247208 19.8909647896466
939.999999999999 22.2686446655336 21.4735609827255 21.0586712088219 19.8915429319635
940.999999999999 22.2692242286456 21.4741396488304 21.0592492771733 19.8921204593945
941.999999999999 22.2698031749357 21.4747176995422 21.0598267310838 19.8926973732462
942.999999999999 22.270381505715 21.475295136168 21.0604035718579 19.8932736748208
943.999999999999 22.2709592222902 21.4758719600109 21.0609798007961 19.8938493654165
944.999999999999 22.2715363259638 21.4764481723696 21.0615554191946 19.8944244463272
945.999999999999 22.2721128180342 21.4770237745388 21.0621304283456 19.8949989188429
946.999999999999 22.2726886997958 21.477598767809 21.0627048295372 19.8955727842495
947.999999999999 22.2732639725386 21.4781731534668 21.0632786240535 19.8961460438287
948.999999999999 22.273838637549 21.4787469327945 21.0638518131743 19.8967186988582
950 22.2744126961088 21.4793201070705 21.0644243981755 19.8972907506116
951 22.2749861494961 21.4798926775691 21.0649963803291 19.8978622003586
951.999999999999 22.2755589989849 21.4804646455606 21.0655677609028 19.8984330493649
952.999999999999 22.276131245845 21.4810360123113 21.0661385411605 19.8990032988921
954 22.2767028913425 21.4816067790835 21.0667087223621 19.8995729501979
954.999999999999 22.2772739367393 21.4821769471355 21.0672783057635 19.900142004536
955.999999999999 22.2778443832933 21.4827465177217 21.0678472926167 19.9007104631563
956.999999999999 22.2784142322586 21.4833154920926 21.0684156841697 19.9012783273045
957.999999999999 22.2789834848854 21.4838838714946 21.0689834816666 19.9018455982226
959 22.2795521424197 21.4844516571704 21.0695506863478 19.9024122771488
959.999999999999 22.2801202061039 21.4850188503587 21.0701172994495 19.9029783653173
961 22.2806876771765 21.4855854522944 21.0706833222042 19.9035438639583
962 22.2812545568718 21.4861514642084 21.0712487558406 19.9041087742985
963 22.2818208464206 21.4867168873279 21.0718136015835 19.9046730975605
963.999999999999 22.2823865470498 21.4872817228763 21.0723778606538 19.9052368349631
964.999999999999 22.2829516599823 21.4878459720731 21.0729415342689 19.9057999877216
965.999999999999 22.2835161864374 21.488409636134 21.0735046236421 19.9063625570471
966.999999999999 22.2840801276305 21.4889727162709 21.074067129983 19.9069245441473
967.999999999999 22.2846434847733 21.4895352136921 21.0746290544975 19.9074859502259
969 22.2852062590736 21.4900971296021 21.0751903983879 19.9080467764831
970 22.2857684517356 21.4906584652015 21.0757511628525 19.9086070241152
971 22.2863300639598 21.4912192216873 21.076311349086 19.9091666943149
971.999999999999 22.2868910969428 21.4917794002529 21.0768709582796 19.9097257882711
972.999999999999 22.2874515518777 21.4923390020879 21.0774299916205 19.9102843071691
973.999999999999 22.2880114299538 21.4928980283782 21.0779884502925 19.9108422521908
975 22.2885707323568 21.4934564803062 21.0785463354756 19.9113996245139
975.999999999999 22.2891294602687 21.4940143590505 21.0791036483463 19.9119564253131
976.999999999999 22.2896876148678 21.4945716657861 21.0796603900773 19.9125126557589
978 22.2902451973291 21.4951284016845 21.0802165618379 19.9130683170188
979 22.2908022088235 21.4956845679135 21.0807721647937 19.9136234102561
980 22.2913586505187 21.4962401656374 21.0813272001067 19.9141779366311
981 22.2919145235787 21.4967951960169 21.0818816689354 19.9147318973003
982 22.2924698291638 21.497349660209 21.0824355724348 19.9152852934165
983 22.2930245684311 21.4979035593675 21.0829889117564 19.9158381261292
984 22.2935787425338 21.4984568946423 21.0835416880479 19.9163903965844
985 22.2941323526217 21.4990096671801 21.0840939024539 19.9169421059246
986 22.2946853998412 21.4995618781239 21.0846455561152 19.9174932552886
987 22.2952378853351 21.5001135286134 21.0851966501693 19.9180438458121
987.999999999999 22.2957898102428 21.5006646197847 21.0857471857502 19.918593878627
989 22.2963411757001 21.5012151527705 21.0862971639884 19.919143354862
989.999999999999 22.2968919828395 21.5017651287 21.0868465860111 19.9196922756422
991 22.2974422327901 21.5023145486991 21.087395452942 19.9202406420895
991.999999999999 22.2979919266774 21.5028634138901 21.0879437659014 19.9207884553223
993 22.2985410656235 21.5034117253922 21.0884915260061 19.9213357164555
994 22.2990896507474 21.5039594843209 21.0890387343698 19.9218824266008
994.999999999999 22.2996376831644 21.5045066917885 21.0895853921027 19.9224285868666
995.999999999999 22.3001851639865 21.505053348904 21.0901315003115 19.9229741983576
996.999999999999 22.3007320943225 21.5055994567729 21.0906770600998 19.9235192621757
998 22.3012784752776 21.5061450164975 21.0912220725677 19.924063779419
999 22.3018243079541 21.5066900291767 21.0917665388122 19.9246077511827
