# Binned ver. of transmit/cptrans_zm_100_20.dat
# lambda(nm)       SkyT
     600     1.00000000
     601     1.00000000
     602     1.00000000
     603     1.00000000
     604     1.00000000
     605     1.00000000
     606     1.00000000
     607     1.00000000
     608     1.00000000
     609     1.00000000
     610     1.00000000
     611     1.00000000
     612     1.00000000
     613     1.00000000
     614     1.00000000
     615     1.00000000
     616     1.00000000
     617     1.00000000
     618     1.00000000
     619     1.00000000
     620     1.00000000
     621     1.00000000
     622     1.00000000
     623     1.00000000
     624     1.00000000
     625     1.00000000
     626     1.00000000
     627     1.00000000
     628     1.00000000
     629     1.00000000
     630     1.00000000
     631     1.00000000
     632     1.00000000
     633     1.00000000
     634     1.00000000
     635     1.00000000
     636     1.00000000
     637     1.00000000
     638     1.00000000
     639     1.00000000
     640     1.00000000
     641     1.00000000
     642     1.00000000
     643     1.00000000
     644     1.00000000
     645     1.00000000
     646     1.00000000
     647     1.00000000
     648     1.00000000
     649     1.00000000
     650     1.00000000
     651     1.00000000
     652     1.00000000
     653     1.00000000
     654     1.00000000
     655     1.00000000
     656     1.00000000
     657     1.00000000
     658     1.00000000
     659     1.00000000
     660     1.00000000
     661     1.00000000
     662     1.00000000
     663     1.00000000
     664     1.00000000
     665     1.00000000
     666     1.00000000
     667     1.00000000
     668     1.00000000
     669     1.00000000
     670     1.00000000
     671     1.00000000
     672     1.00000000
     673     1.00000000
     674     1.00000000
     675     1.00000000
     676     1.00000000
     677     1.00000000
     678     1.00000000
     679     1.00000000
     680     1.00000000
     681     1.00000000
     682     1.00000000
     683     1.00000000
     684     1.00000000
     685     1.00000000
     686     1.00000000
     687     1.00000000
     688     1.00000000
     689     1.00000000
     690     1.00000000
     691     1.00000000
     692     1.00000000
     693     1.00000000
     694     1.00000000
     695     1.00000000
     696     1.00000000
     697     1.00000000
     698     1.00000000
     699     1.00000000
     700     1.00000000
     701     1.00000000
     702     1.00000000
     703     1.00000000
     704     1.00000000
     705     1.00000000
     706     1.00000000
     707     1.00000000
     708     1.00000000
     709     1.00000000
     710     1.00000000
     711     1.00000000
     712     1.00000000
     713     1.00000000
     714     1.00000000
     715     1.00000000
     716     1.00000000
     717     1.00000000
     718     1.00000000
     719     1.00000000
     720     1.00000000
     721     1.00000000
     722     1.00000000
     723     1.00000000
     724     1.00000000
     725     1.00000000
     726     1.00000000
     727     1.00000000
     728     1.00000000
     729     1.00000000
     730     1.00000000
     731     1.00000000
     732     1.00000000
     733     1.00000000
     734     1.00000000
     735     1.00000000
     736     1.00000000
     737     1.00000000
     738     1.00000000
     739     1.00000000
     740     1.00000000
     741     1.00000000
     742     1.00000000
     743     1.00000000
     744     1.00000000
     745     1.00000000
     746     1.00000000
     747     1.00000000
     748     1.00000000
     749     1.00000000
     750     1.00000000
     751     1.00000000
     752     1.00000000
     753     1.00000000
     754     1.00000000
     755     1.00000000
     756     1.00000000
     757     1.00000000
     758     1.00000000
     759     1.00000000
     760     1.00000000
     761     1.00000000
     762     1.00000000
     763     1.00000000
     764     1.00000000
     765     1.00000000
     766     1.00000000
     767     1.00000000
     768     1.00000000
     769     1.00000000
     770     1.00000000
     771     1.00000000
     772     1.00000000
     773     1.00000000
     774     1.00000000
     775     1.00000000
     776     1.00000000
     777     1.00000000
     778     1.00000000
     779     1.00000000
     780     1.00000000
     781     1.00000000
     782     1.00000000
     783     1.00000000
     784     1.00000000
     785     1.00000000
     786     1.00000000
     787     1.00000000
     788     1.00000000
     789     1.00000000
     790     1.00000000
     791     1.00000000
     792     1.00000000
     793     1.00000000
     794     1.00000000
     795     1.00000000
     796     1.00000000
     797     1.00000000
     798     1.00000000
     799     1.00000000
     800     1.00000000
     801     1.00000000
     802     1.00000000
     803     1.00000000
     804     1.00000000
     805     1.00000000
     806     1.00000000
     807     1.00000000
     808     1.00000000
     809     1.00000000
     810     1.00000000
     811     1.00000000
     812     1.00000000
     813     1.00000000
     814     1.00000000
     815     1.00000000
     816     1.00000000
     817     1.00000000
     818     1.00000000
     819     1.00000000
     820     1.00000000
     821     1.00000000
     822     1.00000000
     823     1.00000000
     824     1.00000000
     825     1.00000000
     826     1.00000000
     827     1.00000000
     828     1.00000000
     829     1.00000000
     830     1.00000000
     831     1.00000000
     832     1.00000000
     833     1.00000000
     834     1.00000000
     835     1.00000000
     836     1.00000000
     837     1.00000000
     838     1.00000000
     839     1.00000000
     840     1.00000000
     841     1.00000000
     842     1.00000000
     843     1.00000000
     844     1.00000000
     845     1.00000000
     846     1.00000000
     847     1.00000000
     848     1.00000000
     849     1.00000000
     850     0.99919320
     851     0.99871590
     852     0.99863980
     853     0.99860030
     854     0.99859580
     855     0.99862820
     856     0.99868690
     857     0.99877520
     858     0.99887900
     859     0.99899830
     860     0.99911480
     861     0.99923710
     862     0.99934410
     863     0.99944610
     864     0.99953390
     865     0.99960740
     866     0.99966930
     867     0.99971220
     868     0.99974250
     869     0.99974700
     870     0.99972490
     871     0.99966930
     872     0.99957380
     873     0.99942530
     874     0.99921060
     875     0.99891360
     876     0.99852170
     877     0.99801530
     878     0.99736530
     879     0.99652280
     880     0.99547160
     881     0.99414060
     882     0.99245240
     883     0.99030490
     884     0.98759940
     885     0.98424220
     886     0.98009530
     887     0.97504490
     888     0.96895620
     889     0.96192180
     890     0.95386670
     891     0.94486790
     892     0.93495900
     893     0.92443320
     894     0.91349660
     895     0.90232880
     896     0.89111700
     897     0.88004460
     898     0.86943530
     899     0.85931710
     900     0.77084978
     901     0.77789162
     902     0.81725942
     903     0.92614408
     904     0.91934740
     905     0.92681606
     906     0.87900362
     907     0.76889470
     908     0.75675096
     909     0.85596474
     910     0.75434474
     911     0.88500464
     912     0.83644566
     913     0.63163604
     914     0.89995682
     915     0.68314480
     916     0.89503070
     917     0.71626110
     918     0.84545792
     919     0.88054382
     920     0.95268114
     921     0.87055530
     922     0.93475318
     923     0.90283980
     924     0.84620350
     925     0.91210472
     926     0.89418320
     927     0.88612362
     928     0.71986654
     929     0.72427870
     930     0.64449382
     931     0.48665142
     932     0.45051261
     933     0.39959238
     934     0.24013935
     935     0.48715530
     936     0.39217335
     937     0.39030536
     938     0.35073253
     939     0.75614570
     940     0.60305802
     941     0.60839881
     942     0.55424711
     943     0.56130732
     944     0.30364596
     945     0.53614156
     946     0.51897543
     947     0.51635357
     948     0.53324591
     949     0.57075810
     950     0.45006248
     951     0.66154811
     952     0.46801774
     953     0.60081993
     954     0.54781949
     955     0.56695535
     956     0.54952309
     957     0.71180080
     958     0.64643310
     959     0.48907583
     960     0.62251484
     961     0.76119254
     962     0.59707560
     963     0.77211834
     964     0.61728157
     965     0.82138430
     966     0.67963462
     967     0.86693776
     968     0.84794418
     969     0.92084138
     970     0.88100164
     971     0.88274242
     972     0.88827866
     973     0.80171864
     974     0.85203136
     975     0.82878804
     976     0.78750738
     977     0.90962908
     978     0.87217694
     979     0.86613062
     980     0.88208150
     981     0.94484044
     982     0.89912640
     983     0.96050870
     984     0.95741594
     985     0.95352952
     986     0.99164286
     987     0.96585898
     988     0.99411112
     989     0.99018192
     990     0.98484686
     991     0.99349618
     992     0.98684842
     993     0.99397142
     994     0.99817786
     995     0.99605728
     996     0.99860996
     997     0.99575250
     998     0.99718292
     999     0.99573102
    1000     0.99647782
    1001     0.98684782
    1002     0.98890538
    1003     0.99729978
    1004     0.99433692
    1005     0.99462982
    1006     0.99718796
    1007     0.99719104
    1008     0.99142790
    1009     0.98449274
    1010     0.99402722
    1011     0.99700872
    1012     0.99477226
    1013     0.99844418
    1014     0.99632796
    1015     0.99615620
    1016     0.99804830
    1017     0.99758912
    1018     0.99935668
    1019     0.99171396
    1020     0.99813618
    1021     0.99650702
    1022     0.99654722
    1023     0.99205676
    1024     0.99674512
    1025     0.99786324
    1026     0.99884538
    1027     0.99500300
    1028     0.99765572
    1029     0.99938696
    1030     0.99911416
    1031     0.99862816
    1032     0.99999196
    1033     0.99933374
    1034     0.99999192
    1035     0.99985222
    1036     0.99960990
    1037     0.99977686
    1038     0.99983342
    1039     0.99987948
    1040     0.99982898
    1041     0.99992354
    1042     0.99999158
    1043     0.99999148
    1044     0.99999144
    1045     0.99999148
    1046     0.99999142
    1047     0.99999136
    1048     0.99999120
    1049     0.99898574
    1050     0.99975664
    1051     0.99967994
    1052     0.99966610
    1053     0.99981008
    1054     0.99984192
    1055     0.99985872
    1056     0.99997844
    1057     0.99989018
    1058     0.99966190
    1059     0.99992752
    1060     0.99987412
    1061     0.99976398
    1062     0.99801074
    1063     0.99909238
    1064     0.99723312
    1065     0.99758320
    1066     0.99945522
    1067     0.99510130
    1068     0.99675028
    1069     0.99350998
    1070     0.99528862
    1071     0.99612494
    1072     0.98927982
    1073     0.99884056
    1074     0.97783870
    1075     0.99864438
    1076     0.99644950
    1077     0.96844078
    1078     0.99213948
    1079     0.99303736
    1080     0.96761794
    1081     0.97046974
    1082     0.99698696
    1083     0.96019002
    1084     0.97598492
    1085     0.98532000
    1086     0.91649258
    1087     0.96711974
    1088     0.98453242
    1089     0.95377964
    1090     0.92951274
    1091     0.99418186
    1092     0.88929810
    1093     0.96796684
    1094     0.91584374
    1095     0.92922432
    1096     0.93174610
    1097     0.91447776
    1098     0.90215512
    1099     0.82924380
    1100     0.89810176
    1101     0.85902592
    1102     0.82718536
    1103     0.86873204
    1104     0.77321370
    1105     0.85934282
    1106     0.75040792
    1107     0.89896452
    1108     0.69764938
    1109     0.83427396
    1110     0.77616378
    1111     0.76841290
    1112     0.76423132
    1113     0.42561080
    1114     0.77516158
    1115     0.46510276
    1116     0.22073344
    1117     0.51854429
    1118     0.41427405
    1119     0.32802817
    1120     0.37421589
    1121     0.39727642
    1122     0.09520219
    1123     0.35199205
    1124     0.56512869
    1125     0.15838939
    1126     0.35742081
    1127     0.27033495
    1128     0.37230616
    1129     0.23873465
    1130     0.46987982
    1131     0.69655875
    1132     0.49933237
    1133     0.25089872
    1134     0.04999867
    1135     0.27535649
    1136     0.43499709
    1137     0.60422256
    1138     0.50004788
    1139     0.69808036
    1140     0.53117302
    1141     0.53226520
    1142     0.57304528
    1143     0.61269056
    1144     0.31136117
    1145     0.34958327
    1146     0.33252594
    1147     0.28689325
    1148     0.56124193
    1149     0.44334803
    1150     0.50428060
    1151     0.59468381
    1152     0.36790211
    1153     0.60245247
    1154     0.49419968
    1155     0.56518747
    1156     0.71340768
    1157     0.59255839
    1158     0.76333196
    1159     0.71205455
    1160     0.63808522
    1161     0.80774966
    1162     0.78030236
    1163     0.83704972
    1164     0.86579574
    1165     0.71181082
    1166     0.81655230
    1167     0.84041944
    1168     0.85037694
    1169     0.89555090
    1170     0.85741882
    1171     0.88154438
    1172     0.87586808
    1173     0.80132342
    1174     0.80091786
    1175     0.86706428
    1176     0.97719744
    1177     0.75041492
    1178     0.91249670
    1179     0.86565076
    1180     0.93287162
    1181     0.77199390
    1182     0.79462618
    1183     0.93004962
    1184     0.79717132
    1185     0.88189354
    1186     0.91356218
    1187     0.82606237
    1188     0.79229598
    1189     0.91132280
    1190     0.87582482
    1191     0.88777914
    1192     0.96142302
    1193     0.88104028
    1194     0.94932142
    1195     0.84834946
    1196     0.92532452
    1197     0.89370008
    1198     0.86460772
    1199     0.86785082
    1200     0.87643860
    1201     0.83627260
    1202     0.95739824
    1203     0.75265820
    1204     0.92191278
    1205     0.90360542
    1206     0.93786172
    1207     0.89673664
    1208     0.90389082
    1209     0.87424000
    1210     0.97356304
    1211     0.84608974
    1212     0.91176646
    1213     0.94470520
    1214     0.85988422
    1215     0.94461890
    1216     0.92076428
    1217     0.96833386
    1218     0.95547522
    1219     0.93331026
    1220     0.96032024
    1221     0.91979982
    1222     0.95512818
    1223     0.93757742
    1224     0.96963110
    1225     0.96413676
    1226     0.96692892
    1227     0.93767186
    1228     0.98161872
    1229     0.97862550
    1230     0.98485298
    1231     0.98973150
    1232     0.98578960
    1233     0.97947728
    1234     0.99747594
    1235     0.99366926
    1236     0.99202602
    1237     0.99787016
    1238     0.99642880
    1239     0.99979868
    1240     0.99601376
    1241     0.99722870
    1242     0.99981868
    1243     0.99972084
    1244     0.99787564
    1245     0.99957298
    1246     0.99888612
    1247     0.99962782
    1248     0.99612528
    1249     0.99652634
    1250     0.99936456
    1251     0.99335264
    1252     0.99046888
    1253     0.99977242
    1254     0.98421568
    1255     0.98093400
    1256     0.99936220
    1257     0.97676146
    1258     0.99464656
    1259     0.96187414
    1260     0.94603354
    1261     0.95199856
    1262     0.90476758
    1263     0.93695766
    1264     0.87132338
    1265     0.91742306
    1266     0.87345900
    1267     0.93707312
    1268     0.68996780
    1269     0.80552964
    1270     0.94419566
    1271     0.94607604
    1272     0.93857886
    1273     0.94744000
    1274     0.94456208
    1275     0.97018106
    1276     0.95670236
    1277     0.96568900
    1278     0.97034364
    1279     0.97346330
    1280     0.97522696
    1281     0.99469994
    1282     0.98944082
    1283     0.99374890
    1284     0.97986290
    1285     0.99617216
    1286     0.99012826
    1287     0.99058802
    1288     0.96003452
    1289     0.98553422
    1290     0.98776116
    1291     0.95550288
    1292     0.97239696
    1293     0.98361518
    1294     0.97889174
    1295     0.94588048
    1296     0.96100700
    1297     0.91798130
    1298     0.98479048
    1299     0.93831526
    1300     0.91082824
    1301     0.94501508
    1302     0.90938774
    1303     0.91444360
    1304     0.80613456
    1305     0.95069234
    1306     0.84634424
    1307     0.93411498
    1308     0.89187116
    1309     0.81879938
    1310     0.83083866
    1311     0.97064688
    1312     0.82164612
    1313     0.77613798
    1314     0.78551650
    1315     0.82512940
    1316     0.89522222
    1317     0.88419736
    1318     0.76516982
    1319     0.83420400
    1320     0.71130629
    1321     0.76988724
    1322     0.74589951
    1323     0.79854169
    1324     0.77992104
    1325     0.76194269
    1326     0.83415702
    1327     0.71299708
    1328     0.59635812
    1329     0.72121118
    1330     0.58709448
    1331     0.41602506
    1332     0.56148383
    1333     0.48540978
    1334     0.61663337
    1335     0.73133059
    1336     0.64842998
    1337     0.47642444
    1338     0.66164206
    1339     0.75059802
    1340     0.43397403
    1341     0.59498406
    1342     0.67480974
    1343     0.57853650
    1344     0.18733336
    1345     0.49253112
    1346     0.40157592
    1347     0.24420677
    1348     0.06527107
    1349     0.28316939
    1350     0.04156831
    1351     0.06514800
    1352     0.05105883
    1353     0.01327653
    1354     0.00430568
    1355     0.00059693
    1356     0.00975764
    1357     0.00035334
    1358     0.00091342
    1359     0.00065230
    1360     0.00048389
    1361     0.00000000
    1362     0.00000000
    1363     0.00360128
    1364     0.00000000
    1365     0.00032569
    1366     0.00632012
    1367     0.00001872
    1368     0.00000000
    1369     0.00022288
    1370     0.00000542
    1371     0.00010519
    1372     0.00539562
    1373     0.01820680
    1374     0.00491999
    1375     0.04621160
    1376     0.00965920
    1377     0.07919876
    1378     0.00593689
    1379     0.01448622
    1380     0.00000557
    1381     0.00103040
    1382     0.00000000
    1383     0.00000000
    1384     0.00072742
    1385     0.00028862
    1386     0.01507875
    1387     0.01250355
    1388     0.00839525
    1389     0.05245423
    1390     0.03925512
    1391     0.03200473
    1392     0.00001413
    1393     0.01559928
    1394     0.00401157
    1395     0.00000000
    1396     0.00017324
    1397     0.07110153
    1398     0.06522127
    1399     0.00168794
    1400     0.00000000
    1401     0.00041921
    1402     0.12919359
    1403     0.06063058
    1404     0.00003900
    1405     0.02391565
    1406     0.06125901
    1407     0.01330028
    1408     0.05356427
    1409     0.00007779
    1410     0.05449757
    1411     0.06354321
    1412     0.13141677
    1413     0.14259277
    1414     0.00024132
    1415     0.06749619
    1416     0.29313476
    1417     0.11816314
    1418     0.12207483
    1419     0.01248660
    1420     0.11240266
    1421     0.20537033
    1422     0.27824663
    1423     0.05909730
    1424     0.25977676
    1425     0.09832037
    1426     0.41303557
    1427     0.08591198
    1428     0.04448987
    1429     0.28493052
    1430     0.53784383
    1431     0.03339846
    1432     0.06250102
    1433     0.31469849
    1434     0.09092334
    1435     0.32768504
    1436     0.21880908
    1437     0.02740593
    1438     0.32702767
    1439     0.17551899
    1440     0.31981012
    1441     0.17367746
    1442     0.20483182
    1443     0.43926483
    1444     0.31571804
    1445     0.06873903
    1446     0.26310647
    1447     0.40669135
    1448     0.39590564
    1449     0.43880480
    1450     0.03791220
    1451     0.29720995
    1452     0.30930506
    1453     0.56910144
    1454     0.51780129
    1455     0.22238902
    1456     0.57798546
    1457     0.44242902
    1458     0.71508614
    1459     0.61156908
    1460     0.35235676
    1461     0.38972309
    1462     0.56482951
    1463     0.30645173
    1464     0.76981514
    1465     0.30797462
    1466     0.18105493
    1467     0.25532283
    1468     0.63502164
    1469     0.17008672
    1470     0.20368104
    1471     0.26378299
    1472     0.24615671
    1473     0.28521057
    1474     0.73977666
    1475     0.50677705
    1476     0.44536886
    1477     0.30118351
    1478     0.55414762
    1479     0.45051962
    1480     0.21206177
    1481     0.46330316
    1482     0.57997041
    1483     0.65280669
    1484     0.44538492
    1485     0.63095451
    1486     0.38399708
    1487     0.42275054
    1488     0.61342917
    1489     0.59737552
    1490     0.90086914
    1491     0.62160313
    1492     0.61683190
    1493     0.84199370
    1494     0.69665824
    1495     0.63127910
    1496     0.73962104
    1497     0.89903784
    1498     0.76531114
    1499     0.76277732
    1500     0.93715186
    1501     0.87592222
    1502     0.87287562
    1503     0.68592467
    1504     0.66188740
    1505     0.89329342
    1506     0.98847006
    1507     0.91507506
    1508     0.71572644
    1509     0.90388456
    1510     0.91506054
    1511     0.94297136
    1512     0.88960140
    1513     0.87418260
    1514     0.87968230
    1515     0.98361674
    1516     0.87517388
    1517     0.90506542
    1518     0.92586570
    1519     0.91659752
    1520     0.95207332
    1521     0.95743300
    1522     0.99594070
    1523     0.98052092
    1524     0.95702154
    1525     0.94542642
    1526     0.95088844
    1527     0.96547666
    1528     0.97151312
    1529     0.97750696
    1530     0.97852438
    1531     0.96109742
    1532     0.99038102
    1533     0.98391932
    1534     0.97897290
    1535     0.96861010
    1536     0.98413388
    1537     0.98154940
    1538     0.99249596
    1539     0.98142892
    1540     0.98322472
    1541     0.98558976
    1542     0.98104804
    1543     0.99483148
    1544     0.98400044
    1545     0.99341606
    1546     0.99258294
    1547     0.99609212
    1548     0.99863996
    1549     0.99774622
    1550     0.99845210
    1551     0.99568364
    1552     0.99185234
    1553     0.99849104
    1554     0.99557838
    1555     0.99891718
    1556     0.99642028
    1557     0.99882866
    1558     0.99608674
    1559     0.99764676
    1560     0.99696738
    1561     0.99873790
    1562     0.99141914
    1563     0.99706760
    1564     0.99428598
    1565     0.99684246
    1566     0.99645328
    1567     0.99186678
    1568     0.98434116
    1569     0.95903422
    1570     0.92350748
    1571     0.90569688
    1572     0.88814184
    1573     0.91520334
    1574     0.93798440
    1575     0.97889126
    1576     0.93006096
    1577     0.93448192
    1578     0.93219502
    1579     0.93847958
    1580     0.94094270
    1581     0.95721390
    1582     0.97463478
    1583     0.98165386
    1584     0.98799502
    1585     0.99276114
    1586     0.99094590
    1587     0.99246484
    1588     0.99842446
    1589     0.99839064
    1590     0.99495918
    1591     0.99441946
    1592     0.99440796
    1593     0.99813484
    1594     0.99193786
    1595     0.99797742
    1596     0.99223084
    1597     0.98846732
    1598     0.98420724
    1599     0.96317330
    1600     0.92344080
    1601     0.90791904
    1602     0.89212254
    1603     0.90181940
    1604     0.94564090
    1605     0.97766976
    1606     0.94723916
    1607     0.93797954
    1608     0.92795918
    1609     0.93101454
    1610     0.93384328
    1611     0.94947064
    1612     0.96354350
    1613     0.97042328
    1614     0.98197562
    1615     0.98795270
    1616     0.98630090
    1617     0.99376980
    1618     0.98951272
    1619     0.99566010
    1620     0.99636030
    1621     0.99589934
    1622     0.99665288
    1623     0.99588994
    1624     0.99602990
    1625     0.99488844
    1626     0.99640716
    1627     0.99512320
    1628     0.99269504
    1629     0.99646616
    1630     0.98874410
    1631     0.99568134
    1632     0.98462234
    1633     0.98926400
    1634     0.99380990
    1635     0.97993202
    1636     0.99260940
    1637     0.97167746
    1638     0.99280016
    1639     0.97991504
    1640     0.95633912
    1641     0.98138920
    1642     0.95046092
    1643     0.97978402
    1644     0.99052702
    1645     0.93955176
    1646     0.98938834
    1647     0.98472504
    1648     0.94782380
    1649     0.98006330
    1650     0.95154306
    1651     0.97994024
    1652     0.98062888
    1653     0.95029532
    1654     0.99389574
    1655     0.98591456
    1656     0.97625178
    1657     0.98413900
    1658     0.99483128
    1659     0.98689646
    1660     0.99619294
    1661     0.98149044
    1662     0.98181368
    1663     0.98662876
    1664     0.99566226
    1665     0.87252316
    1666     0.92724918
    1667     0.98133190
    1668     0.98499328
    1669     0.99182950
    1670     0.99013908
    1671     0.98673916
    1672     0.99664890
    1673     0.99226756
    1674     0.97769076
    1675     0.98644510
    1676     0.99109314
    1677     0.96868268
    1678     0.98942452
    1679     0.99298082
    1680     0.97833054
    1681     0.99324432
    1682     0.99696076
    1683     0.98994934
    1684     0.95701624
    1685     0.99412638
    1686     0.99604030
    1687     0.96873786
    1688     0.99491584
    1689     0.98935004
    1690     0.93741248
    1691     0.96829990
    1692     0.98570158
    1693     0.98886702
    1694     0.97701530
    1695     0.99498682
    1696     0.95737670
    1697     0.93479454
    1698     0.99232912
    1699     0.97221386
    1700     0.95036576
    1701     0.97854172
    1702     0.98235630
    1703     0.97009192
    1704     0.98670198
    1705     0.97500716
    1706     0.94339784
    1707     0.95383582
    1708     0.86346488
    1709     0.98640262
    1710     0.96597688
    1711     0.99223364
    1712     0.98648756
    1713     0.96425116
    1714     0.87524260
    1715     0.98603120
    1716     0.92795084
    1717     0.99117568
    1718     0.99035826
    1719     0.99314998
    1720     0.97870966
    1721     0.80974122
    1722     0.97690162
    1723     0.89720482
    1724     0.82214690
    1725     0.98255110
    1726     0.94336588
    1727     0.97199470
    1728     0.88452990
    1729     0.98250030
    1730     0.97958836
    1731     0.94428488
    1732     0.75382561
    1733     0.98459324
    1734     0.98217470
    1735     0.89984166
    1736     0.75992414
    1737     0.97755458
    1738     0.96977392
    1739     0.89183492
    1740     0.95622284
    1741     0.72263383
    1742     0.98088496
    1743     0.98080430
    1744     0.83473767
    1745     0.98311734
    1746     0.75219388
    1747     0.67482674
    1748     0.97840860
    1749     0.96820960
    1750     0.96473490
    1751     0.77791120
    1752     0.94767136
    1753     0.98338572
    1754     0.96011058
    1755     0.75754680
    1756     0.79619454
    1757     0.75254562
    1758     0.97750854
    1759     0.98534898
    1760     0.93012868
    1761     0.85004888
    1762     0.81949527
    1763     0.82249761
    1764     0.95825848
    1765     0.54450834
    1766     0.74042142
    1767     0.93143330
    1768     0.90998140
    1769     0.75677960
    1770     0.73902576
    1771     0.94019390
    1772     0.91195808
    1773     0.81622087
    1774     0.64020383
    1775     0.78824450
    1776     0.58688237
    1777     0.86208588
    1778     0.48309761
    1779     0.72176118
    1780     0.85983410
    1781     0.42945167
    1782     0.89856918
    1783     0.81449472
    1784     0.30523809
    1785     0.49205715
    1786     0.65416354
    1787     0.56672932
    1788     0.78091602
    1789     0.93338876
    1790     0.51222927
    1791     0.57017168
    1792     0.42565395
    1793     0.31965797
    1794     0.54067923
    1795     0.53525807
    1796     0.40725866
    1797     0.59711245
    1798     0.56396267
    1799     0.46197039
    1800     0.06958354
    1801     0.06118565
    1802     0.07932530
    1803     0.24985343
    1804     0.47886335
    1805     0.32526828
    1806     0.05295787
    1807     0.13521417
    1808     0.40586489
    1809     0.32491275
    1810     0.07039539
    1811     0.09395111
    1812     0.01056933
    1813     0.09129752
    1814     0.31293957
    1815     0.00379968
    1816     0.05339167
    1817     0.17241647
    1818     0.03340550
    1819     0.06194388
    1820     0.00000087
    1821     0.00040480
    1822     0.00031605
    1823     0.23231440
    1824     0.19896409
    1825     0.01904520
    1826     0.00009413
    1827     0.01602136
    1828     0.00014028
    1829     0.00113210
    1830     0.00014931
    1831     0.00074293
    1832     0.00149089
    1833     0.01212228
    1834     0.00061207
    1835     0.00000000
    1836     0.00000000
    1837     0.00000000
    1838     0.00009014
    1839     0.00007826
    1840     0.00000000
    1841     0.00000000
    1842     0.00000304
    1843     0.00062963
    1844     0.02207907
    1845     0.01790934
    1846     0.00005449
    1847     0.00000000
    1848     0.00000000
    1849     0.00047535
    1850     0.00000000
    1851     0.01566614
    1852     0.00233917
    1853     0.00000000
    1854     0.00000000
    1855     0.00186846
    1856     0.00000000
    1857     0.00013175
    1858     0.00241953
    1859     0.00000245
    1860     0.00000000
    1861     0.01330348
    1862     0.02584678
    1863     0.00754243
    1864     0.00001709
    1865     0.01830630
    1866     0.03268719
    1867     0.00000114
    1868     0.00000000
    1869     0.00000000
    1870     0.00000000
    1871     0.00000000
    1872     0.00000000
    1873     0.00000000
    1874     0.00000000
    1875     0.00000000
    1876     0.00000000
    1877     0.00007199
    1878     0.01489368
    1879     0.03280486
    1880     0.02000360
    1881     0.00251019
    1882     0.05832193
    1883     0.00814797
    1884     0.00034006
    1885     0.00432467
    1886     0.01408592
    1887     0.05462763
    1888     0.10862806
    1889     0.01452721
    1890     0.00004890
    1891     0.00134712
    1892     0.00002102
    1893     0.00017916
    1894     0.00617628
    1895     0.10874826
    1896     0.02982251
    1897     0.00567804
    1898     0.00002156
    1899     0.00000000
    1900     0.00000000
    1901     0.00138412
    1902     0.00062214
    1903     0.00018437
    1904     0.00069851
    1905     0.00000000
    1906     0.00000000
    1907     0.00565915
    1908     0.01574375
    1909     0.02072557
    1910     0.00400571
    1911     0.00014962
    1912     0.00028994
    1913     0.00000290
    1914     0.00000004
    1915     0.01133326
    1916     0.00004209
    1917     0.08764387
    1918     0.11386009
    1919     0.00252256
    1920     0.00000000
    1921     0.00558567
    1922     0.09000738
    1923     0.06601555
    1924     0.00141982
    1925     0.21808690
    1926     0.04248361
    1927     0.00681716
    1928     0.00762633
    1929     0.07909646
    1930     0.00290296
    1931     0.00476193
    1932     0.12928509
    1933     0.10910853
    1934     0.09721857
    1935     0.30109938
    1936     0.03382604
    1937     0.09222898
    1938     0.05233804
    1939     0.00057382
    1940     0.15228533
    1941     0.03172745
    1942     0.47981253
    1943     0.23348432
    1944     0.05508940
    1945     0.20141983
    1946     0.31558168
    1947     0.14434494
    1948     0.14519313
    1949     0.19297890
    1950     0.21061747
    1951     0.50122046
    1952     0.28268307
    1953     0.19620039
    1954     0.18102088
    1955     0.13036087
    1956     0.11354917
    1957     0.13570827
    1958     0.13879800
    1959     0.19260706
    1960     0.38650272
    1961     0.43954034
    1962     0.26141277
    1963     0.18778884
    1964     0.29102364
    1965     0.38843289
    1966     0.50374059
    1967     0.50202567
    1968     0.48961086
    1969     0.66988961
    1970     0.62031555
    1971     0.34514720
    1972     0.59308027
    1973     0.62583747
    1974     0.52056070
    1975     0.63896477
    1976     0.79293982
    1977     0.76816294
    1978     0.81017182
    1979     0.52708658
    1980     0.46041073
    1981     0.88578954
    1982     0.83519524
    1983     0.81909004
    1984     0.92097578
    1985     0.76575507
    1986     0.72263320
    1987     0.63769852
    1988     0.91429842
    1989     0.79582174
    1990     0.47489845
    1991     0.92096816
    1992     0.93413462
    1993     0.92761758
    1994     0.68116738
    1995     0.73756687
    1996     0.66620602
    1997     0.66230356
    1998     0.42793577
    1999     0.41478336
    2000     0.38039160
    2001     0.21280302
    2002     0.11499234
    2003     0.18938086
    2004     0.17660489
    2005     0.12175074
    2006     0.18214857
    2007     0.31695962
    2008     0.41541412
    2009     0.53581064
    2010     0.24574455
    2011     0.34595592
    2012     0.22294399
    2013     0.31141835
    2014     0.30046034
    2015     0.25800256
    2016     0.29876219
    2017     0.38320403
    2018     0.32433078
    2019     0.46995607
    2020     0.47209914
    2021     0.60702626
    2022     0.64499172
    2023     0.55094966
    2024     0.73007657
    2025     0.78504683
    2026     0.83678480
    2027     0.83573082
    2028     0.66587908
    2029     0.90086912
    2030     0.84928294
    2031     0.91889842
    2032     0.91890286
    2033     0.81953512
    2034     0.92302712
    2035     0.92909858
    2036     0.92703012
    2037     0.92900898
    2038     0.88204686
    2039     0.90818630
    2040     0.76879824
    2041     0.90263654
    2042     0.88416748
    2043     0.85512798
    2044     0.84104596
    2045     0.89484480
    2046     0.88273040
    2047     0.84288592
    2048     0.75256024
    2049     0.71879180
    2050     0.63710733
    2051     0.67269895
    2052     0.57335995
    2053     0.50088683
    2054     0.53062926
    2055     0.59986078
    2056     0.44373935
    2057     0.62272306
    2058     0.59348205
    2059     0.75378772
    2060     0.77695413
    2061     0.68678148
    2062     0.62774442
    2063     0.59931120
    2064     0.68722267
    2065     0.54526207
    2066     0.65722763
    2067     0.67923616
    2068     0.60937534
    2069     0.72433219
    2070     0.70802803
    2071     0.68386397
    2072     0.80543055
    2073     0.78000554
    2074     0.82153076
    2075     0.77085060
    2076     0.85832770
    2077     0.78256536
    2078     0.88558990
    2079     0.93919222
    2080     0.93750426
    2081     0.91740094
    2082     0.89517646
    2083     0.90754776
    2084     0.82248764
    2085     0.91917656
    2086     0.90536482
    2087     0.92668326
    2088     0.93986422
    2089     0.93536582
    2090     0.89825788
    2091     0.95326216
    2092     0.94216186
    2093     0.86966414
    2094     0.95141100
    2095     0.96645842
    2096     0.97091470
    2097     0.96224846
    2098     0.82196704
    2099     0.96367604
    2100     0.92616696
    2101     0.82697918
    2102     0.97166960
    2103     0.97404120
    2104     0.96684034
    2105     0.96434960
    2106     0.96537638
    2107     0.97416550
    2108     0.96781312
    2109     0.93477790
    2110     0.96923972
    2111     0.89907522
    2112     0.94811562
    2113     0.98012588
    2114     0.97711678
    2115     0.96715874
    2116     0.96098172
    2117     0.97393674
    2118     0.85458098
    2119     0.94187636
    2120     0.93771326
    2121     0.96984510
    2122     0.98266616
    2123     0.98294618
    2124     0.87254090
    2125     0.98252062
    2126     0.98349350
    2127     0.84939432
    2128     0.97867982
    2129     0.98672504
    2130     0.98532778
    2131     0.98718550
    2132     0.98598468
    2133     0.98717940
    2134     0.98795114
    2135     0.94798212
    2136     0.97779376
    2137     0.98747000
    2138     0.98435964
    2139     0.98130802
    2140     0.98731976
    2141     0.98753098
    2142     0.98456738
    2143     0.98626678
    2144     0.98145576
    2145     0.98317498
    2146     0.98613048
    2147     0.98217446
    2148     0.96709864
    2149     0.95493262
    2150     0.97159508
    2151     0.83693972
    2152     0.90817778
    2153     0.93219038
    2154     0.92515760
    2155     0.96677122
    2156     0.97768416
    2157     0.98007604
    2158     0.97048204
    2159     0.89924084
    2160     0.95160396
    2161     0.95680668
    2162     0.95522738
    2163     0.77002066
    2164     0.97793516
    2165     0.97911646
    2166     0.95100590
    2167     0.96091816
    2168     0.85419102
    2169     0.97551538
    2170     0.97826022
    2171     0.98451490
    2172     0.94827658
    2173     0.94886458
    2174     0.89840992
    2175     0.96376980
    2176     0.88887002
    2177     0.98352684
    2178     0.94416742
    2179     0.89424018
    2180     0.98106948
    2181     0.98455868
    2182     0.95414512
    2183     0.81372082
    2184     0.79341995
    2185     0.92673674
    2186     0.98114346
    2187     0.88369704
    2188     0.91882924
    2189     0.97231198
    2190     0.90826918
    2191     0.98400014
    2192     0.98465298
    2193     0.98389928
    2194     0.85810110
    2195     0.94844738
    2196     0.93656498
    2197     0.96909860
    2198     0.79428032
    2199     0.84639450
    2200     0.82760450
    2201     0.92852762
    2202     0.92279778
    2203     0.95343274
    2204     0.82173120
    2205     0.94692834
    2206     0.93904316
    2207     0.93754868
    2208     0.98051944
    2209     0.97800644
    2210     0.96032376
    2211     0.96823170
    2212     0.98162008
    2213     0.98016562
    2214     0.93141240
    2215     0.93619828
    2216     0.89422332
    2217     0.97909640
    2218     0.96825476
    2219     0.97011898
    2220     0.97131718
    2221     0.92063908
    2222     0.96529540
    2223     0.96963904
    2224     0.96968372
    2225     0.92930406
    2226     0.94296074
    2227     0.94369572
    2228     0.97179386
    2229     0.97402948
    2230     0.96935056
    2231     0.93145520
    2232     0.92930944
    2233     0.94236418
    2234     0.96822552
    2235     0.95427136
    2236     0.92312552
    2237     0.93429874
    2238     0.96027142
    2239     0.96401600
    2240     0.94327534
    2241     0.93352276
    2242     0.95642150
    2243     0.94961416
    2244     0.92832788
    2245     0.96059916
    2246     0.90571358
    2247     0.89916202
    2248     0.96998516
    2249     0.94709136
    2250     0.93038042
    2251     0.95696486
    2252     0.94319658
    2253     0.92461172
    2254     0.90272764
    2255     0.91432466
    2256     0.89041806
    2257     0.91240548
    2258     0.93381516
    2259     0.95171014
    2260     0.91620276
    2261     0.84574974
    2262     0.88645748
    2263     0.90814884
    2264     0.88280188
    2265     0.95294856
    2266     0.96166348
    2267     0.92856722
    2268     0.80897736
    2269     0.94328824
    2270     0.89848512
    2271     0.94038728
    2272     0.87254352
    2273     0.94220726
    2274     0.93327054
    2275     0.77320802
    2276     0.89512306
    2277     0.91069526
    2278     0.93747640
    2279     0.96822828
    2280     0.85850624
    2281     0.94256824
    2282     0.85872430
    2283     0.85222732
    2284     0.90289564
    2285     0.88043780
    2286     0.94249780
    2287     0.93781094
    2288     0.95050886
    2289     0.80587218
    2290     0.89292122
    2291     0.92835074
    2292     0.87416334
    2293     0.89709726
    2294     0.89599578
    2295     0.84553996
    2296     0.88465806
    2297     0.95650140
    2298     0.78524378
    2299     0.88858204
    2300     0.78385756
    2301     0.91934222
    2302     0.87170866
    2303     0.83472328
    2304     0.82158278
    2305     0.89984460
    2306     0.87952964
    2307     0.85208546
    2308     0.92427212
    2309     0.90665306
    2310     0.94311210
    2311     0.94719444
    2312     0.93425052
    2313     0.96869178
    2314     0.96075876
    2315     0.93427568
    2316     0.67082850
    2317     0.62060238
    2318     0.74660746
    2319     0.83291434
    2320     0.87169724
    2321     0.81776445
    2322     0.79736880
    2323     0.79490438
    2324     0.93293494
    2325     0.87615376
    2326     0.91148028
    2327     0.94744954
    2328     0.83309882
    2329     0.90547246
    2330     0.90866904
    2331     0.83418180
    2332     0.87944748
    2333     0.91486850
    2334     0.86641478
    2335     0.85405828
    2336     0.88202660
    2337     0.91986638
    2338     0.73599470
    2339     0.80242304
    2340     0.70229163
    2341     0.73604748
    2342     0.79945189
    2343     0.83381432
    2344     0.84646618
    2345     0.76669548
    2346     0.81916200
    2347     0.77686264
    2348     0.77748890
    2349     0.73649257
    2350     0.69414642
    2351     0.67868639
    2352     0.55434375
    2353     0.77351090
    2354     0.84743144
    2355     0.79133858
    2356     0.75948380
    2357     0.85378370
    2358     0.55296770
    2359     0.93697306
    2360     0.91011086
    2361     0.82019946
    2362     0.92228040
    2363     0.75142984
    2364     0.76077387
    2365     0.93448162
    2366     0.87641194
    2367     0.64078625
    2368     0.71301527
    2369     0.80397228
    2370     0.39431974
    2371     0.34647394
    2372     0.65896648
    2373     0.78962012
    2374     0.85744480
    2375     0.88698166
    2376     0.52508345
    2377     0.76789108
    2378     0.53070142
    2379     0.74561408
    2380     0.71323958
    2381     0.91688552
    2382     0.78903974
    2383     0.45066793
    2384     0.55561617
    2385     0.68835328
    2386     0.59749537
    2387     0.78346884
    2388     0.60339708
    2389     0.83179220
    2390     0.78699252
    2391     0.44215871
    2392     0.81758650
    2393     0.84204086
    2394     0.71825180
    2395     0.83734732
    2396     0.54327431
    2397     0.65587463
    2398     0.76298384
    2399     0.85880048
    2400     0.62831453
    2401     0.84995310
    2402     0.85769318
    2403     0.79994182
    2404     0.45944586
    2405     0.79178502
    2406     0.55975498
    2407     0.42515611
    2408     0.84655820
    2409     0.56871672
    2410     0.71030126
    2411     0.62510579
    2412     0.73888554
    2413     0.69951435
    2414     0.45217742
    2415     0.45103287
    2416     0.36288773
    2417     0.76334394
    2418     0.24585637
    2419     0.23131371
    2420     0.78187660
    2421     0.81491568
    2422     0.67617289
    2423     0.73612247
    2424     0.53724422
    2425     0.67810382
    2426     0.46728205
    2427     0.82988290
    2428     0.86133558
    2429     0.78475050
    2430     0.82820150
    2431     0.84205686
    2432     0.73363016
    2433     0.42523615
    2434     0.42394009
    2435     0.02865898
    2436     0.11801203
    2437     0.71079822
    2438     0.79665830
    2439     0.86252018
    2440     0.84743730
    2441     0.84841714
    2442     0.66026978
    2443     0.67119866
    2444     0.74993502
    2445     0.36912405
    2446     0.17389148
    2447     0.20778181
    2448     0.51888202
    2449     0.59824386
    2450     0.08704350
    2451     0.07138627
    2452     0.64352024
    2453     0.45347088
    2454     0.22987292
    2455     0.69486836
    2456     0.70342736
    2457     0.81183864
    2458     0.81145526
    2459     0.71332160
    2460     0.81303958
    2461     0.66298394
    2462     0.15724205
    2463     0.42146613
    2464     0.52095168
    2465     0.77791768
    2466     0.69751156
    2467     0.43705433
    2468     0.54717772
    2469     0.71180664
    2470     0.56340862
    2471     0.20570500
    2472     0.00004835
    2473     0.23173910
    2474     0.60256092
    2475     0.47196589
    2476     0.71704580
    2477     0.45273794
    2478     0.47549652
    2479     0.36260796
    2480     0.12915059
    2481     0.07660476
    2482     0.40887614
    2483     0.13921077
    2484     0.02693428
    2485     0.38461110
    2486     0.23417865
    2487     0.05032761
    2488     0.05824109
    2489     0.27203978
    2490     0.27155507
    2491     0.17548796
    2492     0.09794292
    2493     0.11142309
    2494     0.00695128
    2495     0.08450194
    2496     0.25511419
    2497     0.38188326
    2498     0.43055308
    2499     0.26895761
    2500     0.47429703
    2501     0.39679825
    2502     0.14836857
    2503     0.05339233
    2504     0.11698692
    2505     0.08270701
    2506     0.09729758
    2507     0.49524930
    2508     0.28996087
    2509     0.16116749
    2510     0.07787497
    2511     0.03891500
    2512     0.05482616
    2513     0.20191961
    2514     0.14459292
    2515     0.00231551
    2516     0.00004135
    2517     0.00129711
    2518     0.06605564
    2519     0.01321031
    2520     0.10218621
    2521     0.24654055
    2522     0.02533053
    2523     0.07376911
    2524     0.00735958
    2525     0.01443670
    2526     0.00341646
    2527     0.00591672
    2528     0.00643374
    2529     0.00033665
    2530     0.00012755
    2531     0.00000000
    2532     0.00000000
    2533     0.00109202
    2534     0.00842887
    2535     0.00000001
    2536     0.00000000
    2537     0.00021062
    2538     0.00314875
    2539     0.00783577
    2540     0.02208160
    2541     0.00000011
    2542     0.00000000
    2543     0.00000000
    2544     0.00000000
    2545     0.00000000
    2546     0.00000925
    2547     0.00000000
    2548     0.00000000
    2549     0.00000000
    2550     0.00000000
    2551     0.00000000
    2552     0.00000000
    2553     0.00000000
    2554     0.00017503
    2555     0.00078033
    2556     0.00311106
    2557     0.00032272
    2558     0.00000472
    2559     0.00000000
    2560     0.00000000
    2561     0.00000000
    2562     0.00000000
    2563     0.00000000
    2564     0.00000000
    2565     0.00000000
    2566     0.00000000
    2567     0.00000000
    2568     0.00000000
    2569     0.00000000
    2570     0.00000000
    2571     0.00000000
    2572     0.00000000
    2573     0.00000000
    2574     0.00000000
    2575     0.00000000
    2576     0.00000000
    2577     0.00000000
    2578     0.00000000
    2579     0.00000000
    2580     0.00000000
    2581     0.00000000
    2582     0.00000000
    2583     0.00000000
    2584     0.00000000
    2585     0.00000000
    2586     0.00000000
    2587     0.00000000
    2588     0.00000000
    2589     0.00000000
    2590     0.00000000
    2591     0.00000000
    2592     0.00000000
    2593     0.00000000
    2594     0.00000000
    2595     0.00000000
    2596     0.00000000
    2597     0.00000000
    2598     0.00000000
    2599     0.00000000
    2600     0.00000000
    2601     0.00000000
    2602     0.00000000
    2603     0.00000000
    2604     0.00000000
    2605     0.00000000
    2606     0.00000000
    2607     0.00000000
    2608     0.00000000
    2609     0.00000000
    2610     0.00000000
    2611     0.00000000
    2612     0.00000000
    2613     0.00000000
    2614     0.00000000
    2615     0.00000000
    2616     0.00000000
    2617     0.00000000
    2618     0.00000000
    2619     0.00000000
    2620     0.00000000
    2621     0.00000000
    2622     0.00000000
    2623     0.00000000
    2624     0.00000000
    2625     0.00000000
    2626     0.00000000
    2627     0.00000000
    2628     0.00000000
    2629     0.00000000
    2630     0.00000000
    2631     0.00000000
    2632     0.00000000
    2633     0.00000000
    2634     0.00000000
    2635     0.00000000
    2636     0.00000000
    2637     0.00000000
    2638     0.00000000
    2639     0.00000000
    2640     0.00000000
    2641     0.00000000
    2642     0.00000000
    2643     0.00000000
    2644     0.00000000
    2645     0.00000000
    2646     0.00000000
    2647     0.00000000
    2648     0.00000000
    2649     0.00000000
    2650     0.00000000
    2651     0.00000000
    2652     0.00000000
    2653     0.00000000
    2654     0.00000000
    2655     0.00000000
    2656     0.00000000
    2657     0.00000000
    2658     0.00000000
    2659     0.00000000
    2660     0.00000000
    2661     0.00000000
    2662     0.00000000
    2663     0.00000000
    2664     0.00000000
    2665     0.00000000
    2666     0.00000000
    2667     0.00000000
    2668     0.00000000
    2669     0.00000000
    2670     0.00000000
    2671     0.00000000
    2672     0.00000000
    2673     0.00000000
    2674     0.00000000
    2675     0.00000000
    2676     0.00000000
    2677     0.00000000
    2678     0.00000000
    2679     0.00000000
    2680     0.00000000
    2681     0.00000000
    2682     0.00000000
    2683     0.00000000
    2684     0.00000000
    2685     0.00000000
    2686     0.00000000
    2687     0.00000000
    2688     0.00000000
    2689     0.00000000
    2690     0.00000000
    2691     0.00000000
    2692     0.00000000
    2693     0.00000000
    2694     0.00000000
    2695     0.00000000
    2696     0.00000000
    2697     0.00000000
    2698     0.00000000
    2699     0.00000000
    2700     0.00000000
    2701     0.00000000
    2702     0.00000000
    2703     0.00000000
    2704     0.00000000
    2705     0.00000000
    2706     0.00000000
    2707     0.00000000
    2708     0.00000000
    2709     0.00000000
    2710     0.00000000
    2711     0.00000000
    2712     0.00000000
    2713     0.00000000
    2714     0.00000000
    2715     0.00000000
    2716     0.00000000
    2717     0.00000000
    2718     0.00000000
    2719     0.00000000
    2720     0.00000000
    2721     0.00000000
    2722     0.00000000
    2723     0.00000000
    2724     0.00000000
    2725     0.00000000
    2726     0.00000000
    2727     0.00000000
    2728     0.00000000
    2729     0.00000000
    2730     0.00000000
    2731     0.00000000
    2732     0.00000000
    2733     0.00000000
    2734     0.00000000
    2735     0.00000000
    2736     0.00000000
    2737     0.00000000
    2738     0.00000000
    2739     0.00000000
    2740     0.00000000
    2741     0.00000000
    2742     0.00000000
    2743     0.00000000
    2744     0.00000000
    2745     0.00000000
    2746     0.00000000
    2747     0.00000000
    2748     0.00000000
    2749     0.00000000
    2750     0.00000000
    2751     0.00000000
    2752     0.00000000
    2753     0.00000000
    2754     0.00000000
    2755     0.00000000
    2756     0.00000000
    2757     0.00000000
    2758     0.00000000
    2759     0.00000000
    2760     0.00000000
    2761     0.00000000
    2762     0.00000000
    2763     0.00000000
    2764     0.00000000
    2765     0.00000000
    2766     0.00000000
    2767     0.00000000
    2768     0.00000000
    2769     0.00000000
    2770     0.00000000
    2771     0.00000000
    2772     0.00000000
    2773     0.00000000
    2774     0.00000000
    2775     0.00000000
    2776     0.00000000
    2777     0.00000000
    2778     0.00000000
    2779     0.00000000
    2780     0.00000000
    2781     0.00000000
    2782     0.00000000
    2783     0.00000000
    2784     0.00000000
    2785     0.00000000
    2786     0.00000000
    2787     0.00000000
    2788     0.00000000
    2789     0.00000000
    2790     0.00000000
    2791     0.00000000
    2792     0.00000000
    2793     0.00000000
    2794     0.00000000
    2795     0.00000000
    2796     0.00000000
    2797     0.00000000
    2798     0.00000000
    2799     0.00000406
    2800     0.00000000
    2801     0.00000000
    2802     0.00000000
    2803     0.00000000
    2804     0.00000000
    2805     0.00000000
    2806     0.00000000
    2807     0.00000000
    2808     0.00000000
    2809     0.00000540
    2810     0.00000040
    2811     0.00000342
    2812     0.00075178
    2813     0.00000008
    2814     0.00000000
    2815     0.00000000
    2816     0.00000000
    2817     0.00000358
    2818     0.00000000
    2819     0.00000000
    2820     0.00000000
    2821     0.00000000
    2822     0.00000000
    2823     0.00326902
    2824     0.00096397
    2825     0.00040249
    2826     0.00692686
    2827     0.00000670
    2828     0.00493673
    2829     0.02777558
    2830     0.02240142
    2831     0.00247797
    2832     0.00000000
    2833     0.00000000
    2834     0.00000000
    2835     0.00000000
    2836     0.00000000
    2837     0.00000000
    2838     0.00000000
    2839     0.00000668
    2840     0.00226053
    2841     0.00000000
    2842     0.00194003
    2843     0.03959066
    2844     0.11688135
    2845     0.00798834
    2846     0.00053074
    2847     0.00010395
    2848     0.00000348
    2849     0.00000000
    2850     0.00301458
    2851     0.00841788
    2852     0.00004749
    2853     0.00000000
    2854     0.00000000
    2855     0.00000000
    2856     0.00269188
    2857     0.00955064
    2858     0.01746047
    2859     0.00011907
    2860     0.00009972
    2861     0.00972223
    2862     0.06233045
    2863     0.12419072
    2864     0.01836240
    2865     0.11207096
    2866     0.00389081
    2867     0.00660513
    2868     0.00077738
    2869     0.01001649
    2870     0.00437922
    2871     0.00000723
    2872     0.00000000
    2873     0.00363065
    2874     0.14406519
    2875     0.17956054
    2876     0.09717485
    2877     0.00234520
    2878     0.01390964
    2879     0.13069937
    2880     0.15014518
    2881     0.05092404
    2882     0.11963040
    2883     0.04486247
    2884     0.00511831
    2885     0.15937204
    2886     0.10638084
    2887     0.02501339
    2888     0.00006305
    2889     0.00182719
    2890     0.21850492
    2891     0.06305017
    2892     0.09335849
    2893     0.02243495
    2894     0.36252494
    2895     0.33933985
    2896     0.41648183
    2897     0.40741744
    2898     0.19026877
    2899     0.03312394
    2900     0.00000000
    2901     0.00031978
    2902     0.00837216
    2903     0.06232836
    2904     0.00104650
    2905     0.00808411
    2906     0.01932794
    2907     0.09921194
    2908     0.03469444
    2909     0.25707337
    2910     0.28316687
    2911     0.54895860
    2912     0.17170188
    2913     0.08058124
    2914     0.00555498
    2915     0.24227443
    2916     0.28522291
    2917     0.06170278
    2918     0.38090467
    2919     0.52974464
    2920     0.21407410
    2921     0.01288757
    2922     0.00001445
    2923     0.00000641
    2924     0.00741664
    2925     0.07523520
    2926     0.33701324
    2927     0.41473197
    2928     0.59769740
    2929     0.20510164
    2930     0.29128526
    2931     0.67058366
    2932     0.59480376
    2933     0.16461151
    2934     0.59430192
    2935     0.39386322
    2936     0.59556182
    2937     0.18555851
    2938     0.06866520
    2939     0.03800370
    2940     0.28325834
    2941     0.38714066
    2942     0.11310375
    2943     0.00238269
    2944     0.09546537
    2945     0.40189488
    2946     0.17138261
    2947     0.00001368
    2948     0.10149524
    2949     0.48218014
    2950     0.51578758
    2951     0.48915755
    2952     0.33372930
    2953     0.00662126
    2954     0.00648701
    2955     0.04938171
    2956     0.37778591
    2957     0.54124386
    2958     0.28342886
    2959     0.26271874
    2960     0.33662344
    2961     0.45739920
    2962     0.34933632
    2963     0.20725127
    2964     0.72086304
    2965     0.70269826
    2966     0.28729356
    2967     0.24409871
    2968     0.05275813
    2969     0.01823358
    2970     0.01192443
    2971     0.00022864
    2972     0.00666600
    2973     0.06478093
    2974     0.00033201
    2975     0.10021682
    2976     0.01725891
    2977     0.39506346
    2978     0.13163315
    2979     0.02599518
    2980     0.10171910
    2981     0.05571034
    2982     0.32593456
    2983     0.44400274
    2984     0.42451704
    2985     0.49423342
    2986     0.34277487
    2987     0.66795318
    2988     0.40782941
    2989     0.78463216
    2990     0.79192290
    2991     0.38979572
    2992     0.30859786
    2993     0.40282887
    2994     0.35268225
    2995     0.51720905
    2996     0.10565815
    2997     0.14283308
    2998     0.14959706
    2999     0.38927678
    3000     0.65308602
    3001     0.73326176
    3002     0.68861400
    3003     0.28500880
    3004     0.44938317
    3005     0.01171591
    3006     0.07272101
    3007     0.24185615
    3008     0.15945875
    3009     0.11582626
    3010     0.64486434
    3011     0.61183828
    3012     0.73779370
    3013     0.23460607
    3014     0.20873216
    3015     0.68595090
    3016     0.45039831
    3017     0.13160588
    3018     0.01335204
    3019     0.08874890
    3020     0.11317965
    3021     0.10578530
    3022     0.00001722
    3023     0.23040093
    3024     0.61658154
    3025     0.72452126
    3026     0.57043844
    3027     0.15607252
    3028     0.73156786
    3029     0.51510390
    3030     0.34974995
    3031     0.39984406
    3032     0.00162709
    3033     0.12299492
    3034     0.51417258
    3035     0.13022772
    3036     0.04841570
    3037     0.00473994
    3038     0.06335002
    3039     0.27722795
    3040     0.04198110
    3041     0.22894297
    3042     0.59298052
    3043     0.50230999
    3044     0.27348389
    3045     0.06495482
    3046     0.26457187
    3047     0.46015378
    3048     0.00946387
    3049     0.05153019
    3050     0.22107939
    3051     0.05327280
    3052     0.01095755
    3053     0.02780850
    3054     0.00017706
    3055     0.02695300
    3056     0.07027798
    3057     0.03977584
    3058     0.52762052
    3059     0.71898240
    3060     0.55995690
    3061     0.16579426
    3062     0.07284506
    3063     0.22633527
    3064     0.15268991
    3065     0.44332092
    3066     0.19271573
    3067     0.08955794
    3068     0.46668852
    3069     0.07830686
    3070     0.06793588
    3071     0.20199732
    3072     0.04211132
    3073     0.04165615
    3074     0.43179874
    3075     0.49981660
    3076     0.70822586
    3077     0.50177846
    3078     0.64650022
    3079     0.29696036
    3080     0.11042620
    3081     0.00002368
    3082     0.04455957
    3083     0.15133533
    3084     0.18230960
    3085     0.22355130
    3086     0.05032616
    3087     0.45928364
    3088     0.21633687
    3089     0.00974329
    3090     0.24394484
    3091     0.34597419
    3092     0.12154700
    3093     0.00160585
    3094     0.16781658
    3095     0.04142025
    3096     0.02253335
    3097     0.20508964
    3098     0.01192610
    3099     0.20652888
    3100     0.45725259
    3101     0.64809778
    3102     0.37499454
    3103     0.04108198
    3104     0.09215324
    3105     0.00006487
    3106     0.00615079
    3107     0.25303735
    3108     0.13679086
    3109     0.10533465
    3110     0.02908966
    3111     0.00089255
    3112     0.16860076
    3113     0.31899696
    3114     0.10960863
    3115     0.00009869
    3116     0.15025785
    3117     0.38527681
    3118     0.63300446
    3119     0.68532650
    3120     0.77942502
    3121     0.56769863
    3122     0.69343404
    3123     0.60625088
    3124     0.16409119
    3125     0.04109613
    3126     0.03271802
    3127     0.00630307
    3128     0.00487116
    3129     0.20526320
    3130     0.62167618
    3131     0.70525134
    3132     0.54265927
    3133     0.70136488
    3134     0.76352378
    3135     0.80159032
    3136     0.73903796
    3137     0.64923996
    3138     0.29872860
    3139     0.00080005
    3140     0.14744804
    3141     0.43973017
    3142     0.30621736
    3143     0.57814760
    3144     0.36547969
    3145     0.04982091
    3146     0.00000336
    3147     0.09431052
    3148     0.41374154
    3149     0.27973574
    3150     0.67298144
    3151     0.52806562
    3152     0.74631740
    3153     0.64584622
    3154     0.26891176
    3155     0.32282142
    3156     0.20868005
    3157     0.35216118
    3158     0.55278734
    3159     0.63474134
    3160     0.29913287
    3161     0.82925864
    3162     0.84461066
    3163     0.91170920
    3164     0.91825790
    3165     0.88632932
    3166     0.71234446
    3167     0.76536417
    3168     0.86695774
    3169     0.74594182
    3170     0.88773810
    3171     0.72658008
    3172     0.38899039
    3173     0.33457128
    3174     0.84162264
    3175     0.41181182
    3176     0.81703962
    3177     0.82196408
    3178     0.84010204
    3179     0.85014622
    3180     0.78494318
    3181     0.27384070
    3182     0.39247602
    3183     0.74857074
    3184     0.23151983
    3185     0.70009506
    3186     0.79582722
    3187     0.74108370
    3188     0.58202934
    3189     0.50243558
    3190     0.12888332
    3191     0.00084632
    3192     0.03231150
    3193     0.10388017
    3194     0.49040576
    3195     0.57688184
    3196     0.20209422
    3197     0.06684331
    3198     0.00007688
    3199     0.01035320
    3200     0.19543262
    3201     0.07562372
    3202     0.00000001
    3203     0.03675183
    3204     0.19445028
    3205     0.05356226
    3206     0.00007223
    3207     0.04079961
    3208     0.02848058
    3209     0.00012724
    3210     0.00315794
    3211     0.01051985
    3212     0.03968687
    3213     0.07135232
    3214     0.18609437
    3215     0.00642110
    3216     0.20373969
    3217     0.04513761
    3218     0.06609262
    3219     0.29285414
    3220     0.31242486
    3221     0.04096666
    3222     0.00870936
    3223     0.00337611
    3224     0.00011446
    3225     0.00351249
    3226     0.01946934
    3227     0.23674466
    3228     0.14607037
    3229     0.00056391
    3230     0.00000000
    3231     0.01591125
    3232     0.04920554
    3233     0.48565126
    3234     0.66051232
    3235     0.73210626
    3236     0.59176524
    3237     0.64207786
    3238     0.42687104
    3239     0.12416926
    3240     0.02527474
    3241     0.47119622
    3242     0.46635352
    3243     0.15527640
    3244     0.02217936
    3245     0.01013231
    3246     0.03259411
    3247     0.00863177
    3248     0.02875832
    3249     0.03421761
    3250     0.09076644
    3251     0.58040744
    3252     0.73620158
    3253     0.68076314
    3254     0.75667138
    3255     0.74692800
    3256     0.71986892
    3257     0.58149890
    3258     0.42500040
    3259     0.11138779
    3260     0.00000279
    3261     0.01327793
    3262     0.01535857
    3263     0.00109418
    3264     0.18923734
    3265     0.47167696
    3266     0.39136857
    3267     0.17076955
    3268     0.12474580
    3269     0.32416386
    3270     0.00817096
    3271     0.00071944
    3272     0.00395777
    3273     0.35454929
    3274     0.58922958
    3275     0.64655772
    3276     0.53819304
    3277     0.52270397
    3278     0.36937308
    3279     0.03249544
    3280     0.00744849
    3281     0.44358544
    3282     0.71707760
    3283     0.79193824
    3284     0.80283972
    3285     0.72003746
    3286     0.76424334
    3287     0.81904732
    3288     0.82341848
    3289     0.80565302
    3290     0.58828237
    3291     0.40407467
    3292     0.51742028
    3293     0.24146942
    3294     0.07216194
    3295     0.00703674
    3296     0.09896996
    3297     0.07224664
    3298     0.00006531
    3299     0.00012009
    3300     0.11070380
    3301     0.18578941
    3302     0.52514498
    3303     0.48968380
    3304     0.09632081
    3305     0.12064352
    3306     0.50395992
    3307     0.52531738
    3308     0.07420056
    3309     0.28159134
    3310     0.38547496
    3311     0.47124818
    3312     0.08432419
    3313     0.00001456
    3314     0.00004665
    3315     0.00115444
    3316     0.00019647
    3317     0.02057069
    3318     0.00316206
    3319     0.00010986
    3320     0.02590384
    3321     0.03237701
    3322     0.04458079
    3323     0.20434536
    3324     0.44322180
    3325     0.43063632
    3326     0.53058532
    3327     0.11265618
    3328     0.03578399
    3329     0.10070727
    3330     0.68022316
    3331     0.72274710
    3332     0.81770674
    3333     0.79405234
    3334     0.30987139
    3335     0.76156816
    3336     0.85149096
    3337     0.76790818
    3338     0.28948652
    3339     0.12062743
    3340     0.24288073
    3341     0.30794722
    3342     0.18984099
    3343     0.75457152
    3344     0.58355882
    3345     0.12902064
    3346     0.10156257
    3347     0.13414058
    3348     0.71294494
    3349     0.81317778
    3350     0.45863394
    3351     0.47976615
    3352     0.62663430
    3353     0.70627630
    3354     0.33495879
    3355     0.20026275
    3356     0.25968777
    3357     0.05021604
    3358     0.31039324
    3359     0.72910132
    3360     0.69945810
    3361     0.12733514
    3362     0.44544810
    3363     0.09159573
    3364     0.67985422
    3365     0.71640324
    3366     0.75337610
    3367     0.51738196
    3368     0.04661785
    3369     0.37520719
    3370     0.60223850
    3371     0.16558808
    3372     0.63465222
    3373     0.78359132
    3374     0.85922778
    3375     0.80690442
    3376     0.17542472
    3377     0.69509436
    3378     0.82674616
    3379     0.41934160
    3380     0.04849304
    3381     0.46095227
    3382     0.52054011
    3383     0.40059039
    3384     0.55763059
    3385     0.41559130
    3386     0.77632830
    3387     0.89388940
    3388     0.90764884
    3389     0.86687954
    3390     0.75698288
    3391     0.24798173
    3392     0.16014824
    3393     0.80804508
    3394     0.46937044
    3395     0.83752366
    3396     0.87047390
    3397     0.77093716
    3398     0.90642710
    3399     0.89231300
    3400     0.89143428
    3401     0.83728468
    3402     0.81587870
    3403     0.17378881
    3404     0.03575571
    3405     0.55360396
    3406     0.34655816
    3407     0.50700310
    3408     0.33175819
    3409     0.40914165
    3410     0.68428480
    3411     0.86236526
    3412     0.45521835
    3413     0.82549936
    3414     0.85038124
    3415     0.31793396
    3416     0.06967951
    3417     0.80784318
    3418     0.89511504
    3419     0.88935204
    3420     0.90207806
    3421     0.87328958
    3422     0.88000774
    3423     0.82239798
    3424     0.86390014
    3425     0.70485561
    3426     0.72502118
    3427     0.46813651
    3428     0.16726295
    3429     0.58980273
    3430     0.90028294
    3431     0.89469534
    3432     0.90341064
    3433     0.83379216
    3434     0.73598155
    3435     0.81521522
    3436     0.84612526
    3437     0.86421820
    3438     0.83451186
    3439     0.66760430
    3440     0.36485094
    3441     0.53697626
    3442     0.83628698
    3443     0.82217162
    3444     0.90085252
    3445     0.80900470
    3446     0.64328296
    3447     0.89957032
    3448     0.74363984
    3449     0.81523210
    3450     0.90627958
    3451     0.69290240
    3452     0.70072664
    3453     0.62873158
    3454     0.61469540
    3455     0.46907389
    3456     0.79988706
    3457     0.90567348
    3458     0.90597570
    3459     0.86676630
    3460     0.81093938
    3461     0.85127724
    3462     0.90883708
    3463     0.86959706
    3464     0.74892380
    3465     0.61363616
    3466     0.55950286
    3467     0.84994100
    3468     0.84183732
    3469     0.92501742
    3470     0.89606148
    3471     0.90226468
    3472     0.66046762
    3473     0.79161658
    3474     0.75841328
    3475     0.80696728
    3476     0.81031962
    3477     0.75885088
    3478     0.72552834
    3479     0.81730532
    3480     0.82785448
    3481     0.89353018
    3482     0.77813776
    3483     0.82918228
    3484     0.93824948
    3485     0.81703482
    3486     0.85227270
    3487     0.75630280
    3488     0.78699588
    3489     0.72325946
    3490     0.77624324
    3491     0.76847258
    3492     0.82384542
    3493     0.79945002
    3494     0.84197824
    3495     0.89496402
    3496     0.91005908
    3497     0.89717546
    3498     0.77156258
    3499     0.87116782
    3500     0.84516788
    3501     0.83247746
    3502     0.81314614
    3503     0.65506428
    3504     0.88352254
    3505     0.91547382
    3506     0.90992772
    3507     0.84502662
    3508     0.86501882
    3509     0.87495670
    3510     0.81284130
    3511     0.79381004
    3512     0.89580116
    3513     0.84598246
    3514     0.69595914
    3515     0.90300350
    3516     0.82693992
    3517     0.86079416
    3518     0.88693924
    3519     0.76056964
    3520     0.86727616
    3521     0.86984794
    3522     0.85467858
    3523     0.71728930
    3524     0.90726922
    3525     0.90644376
    3526     0.86630006
    3527     0.63521294
    3528     0.78752576
    3529     0.88319820
    3530     0.88992410
    3531     0.72166224
    3532     0.88152740
    3533     0.65928204
    3534     0.89957312
    3535     0.54561957
    3536     0.59306718
    3537     0.82987746
    3538     0.78424028
    3539     0.64851710
    3540     0.57074714
    3541     0.64694492
    3542     0.75590678
    3543     0.60628454
    3544     0.77704360
    3545     0.78454236
    3546     0.68393264
    3547     0.73366880
    3548     0.88646376
    3549     0.74663532
    3550     0.79730610
    3551     0.85922254
    3552     0.63270514
    3553     0.67611004
    3554     0.66652532
    3555     0.59094035
    3556     0.78779736
    3557     0.80210422
    3558     0.80523126
    3559     0.64909012
    3560     0.79879354
    3561     0.90116858
    3562     0.89824720
    3563     0.90092446
    3564     0.77028898
    3565     0.83059492
    3566     0.79129468
    3567     0.52490362
    3568     0.80502568
    3569     0.36160798
    3570     0.81501096
    3571     0.75534736
    3572     0.74662566
    3573     0.69837806
    3574     0.53166502
    3575     0.67462162
    3576     0.62582338
    3577     0.83258418
    3578     0.86520712
    3579     0.82620358
    3580     0.88500054
    3581     0.57478145
    3582     0.68573046
    3583     0.85683168
    3584     0.55685195
    3585     0.70511328
    3586     0.79848796
    3587     0.51391601
    3588     0.83829704
    3589     0.65450974
    3590     0.79691608
    3591     0.82580328
    3592     0.61273056
    3593     0.56503686
    3594     0.88130048
    3595     0.86614048
    3596     0.82127498
    3597     0.57837794
    3598     0.87706014
    3599     0.85411642
    3600     0.54884920
    3601     0.86169400
    3602     0.90312600
    3603     0.90069464
    3604     0.88889948
    3605     0.79377136
    3606     0.75192630
    3607     0.48655470
    3608     0.78706140
    3609     0.87076104
    3610     0.68040932
    3611     0.71091102
    3612     0.77679102
    3613     0.52811893
    3614     0.82649386
    3615     0.89007060
    3616     0.83104408
    3617     0.58620910
    3618     0.89674110
    3619     0.87797700
    3620     0.88035926
    3621     0.88292168
    3622     0.91710160
    3623     0.88665596
    3624     0.85418332
    3625     0.78451946
    3626     0.79572440
    3627     0.50462033
    3628     0.86747040
    3629     0.90667846
    3630     0.90134130
    3631     0.54976173
    3632     0.80507874
    3633     0.83929680
    3634     0.59020401
    3635     0.85449416
    3636     0.86315828
    3637     0.89264336
    3638     0.90750580
    3639     0.82256298
    3640     0.88382032
    3641     0.90690584
    3642     0.89903336
    3643     0.89164752
    3644     0.83406692
    3645     0.85568052
    3646     0.76132896
    3647     0.66953696
    3648     0.89263964
    3649     0.90442298
    3650     0.80655354
    3651     0.67748796
    3652     0.79169932
    3653     0.78392982
    3654     0.84093438
    3655     0.86833540
    3656     0.91069058
    3657     0.90799808
    3658     0.90689850
    3659     0.85985012
    3660     0.90793246
    3661     0.72952966
    3662     0.87105090
    3663     0.75431488
    3664     0.89542186
    3665     0.87696100
    3666     0.88133406
    3667     0.58684464
    3668     0.49792340
    3669     0.85283654
    3670     0.82266922
    3671     0.42242408
    3672     0.42627501
    3673     0.46964397
    3674     0.63405037
    3675     0.23015565
    3676     0.43751135
    3677     0.81085622
    3678     0.58367099
    3679     0.71760262
    3680     0.71962674
    3681     0.64345232
    3682     0.75973854
    3683     0.61176702
    3684     0.82961500
    3685     0.88078936
    3686     0.85539016
    3687     0.70262016
    3688     0.73652742
    3689     0.82838370
    3690     0.82998052
    3691     0.82945232
    3692     0.65212710
    3693     0.84964720
    3694     0.83525652
    3695     0.79804518
    3696     0.90056452
    3697     0.85195056
    3698     0.90304824
    3699     0.88035764
    3700     0.84587420
    3701     0.89793572
    3702     0.90615558
    3703     0.90431318
    3704     0.85862970
    3705     0.86413642
    3706     0.83669988
    3707     0.85239292
    3708     0.86800024
    3709     0.75951530
    3710     0.58594352
    3711     0.83581742
    3712     0.81934026
    3713     0.54548837
    3714     0.84879626
    3715     0.83562250
    3716     0.88810334
    3717     0.63055480
    3718     0.84526202
    3719     0.86671918
    3720     0.88520318
    3721     0.88461740
    3722     0.86292806
    3723     0.87689198
    3724     0.86767320
    3725     0.89185270
    3726     0.85047680
    3727     0.86674782
    3728     0.85756646
    3729     0.83220392
    3730     0.50976809
    3731     0.87205946
    3732     0.88171010
    3733     0.79958798
    3734     0.50086808
    3735     0.81313124
    3736     0.64619256
    3737     0.77743968
    3738     0.72303042
    3739     0.86448502
    3740     0.86328546
    3741     0.54700322
    3742     0.83480258
    3743     0.85346940
    3744     0.87987424
    3745     0.86553756
    3746     0.87169848
    3747     0.88520012
    3748     0.87049292
    3749     0.85499192
    3750     0.51318033
    3751     0.85565992
    3752     0.81781264
    3753     0.85256338
    3754     0.52829817
    3755     0.81135796
    3756     0.86011858
    3757     0.87027976
    3758     0.61595462
    3759     0.80885108
    3760     0.63875846
    3761     0.86461804
    3762     0.80734462
    3763     0.63807082
    3764     0.82666500
    3765     0.57468995
    3766     0.79332066
    3767     0.84969212
    3768     0.87161982
    3769     0.85291978
    3770     0.67864284
    3771     0.68588936
    3772     0.85236730
    3773     0.84603208
    3774     0.50924740
    3775     0.84464974
    3776     0.85742182
    3777     0.85143432
    3778     0.86789974
    3779     0.84497664
    3780     0.85405036
    3781     0.61223036
    3782     0.84879324
    3783     0.83956444
    3784     0.57051606
    3785     0.74878348
    3786     0.86389528
    3787     0.85372274
    3788     0.83351634
    3789     0.48740239
    3790     0.68385105
    3791     0.55772510
    3792     0.81775116
    3793     0.81145214
    3794     0.57630254
    3795     0.85135872
    3796     0.85776762
    3797     0.83445190
    3798     0.82720594
    3799     0.86103072
    3800     0.83949902
    3801     0.85352540
    3802     0.84273342
    3803     0.83631488
    3804     0.63164966
    3805     0.84194400
    3806     0.85636590
    3807     0.85259248
    3808     0.72116948
    3809     0.69497676
    3810     0.74461338
    3811     0.76641186
    3812     0.60139522
    3813     0.57039900
    3814     0.60355436
    3815     0.83957912
    3816     0.80795754
    3817     0.66391380
    3818     0.84528254
    3819     0.80164372
    3820     0.84878220
    3821     0.85561722
    3822     0.85521356
    3823     0.85391226
    3824     0.83381870
    3825     0.84045944
    3826     0.84579528
    3827     0.68780312
    3828     0.82740842
    3829     0.84590204
    3830     0.84285808
    3831     0.83666640
    3832     0.82001734
    3833     0.70742148
    3834     0.57441684
    3835     0.65749566
    3836     0.66842902
    3837     0.79253834
    3838     0.73223750
    3839     0.81203312
    3840     0.81267952
    3841     0.82682438
    3842     0.81986028
    3843     0.79537448
    3844     0.70824828
    3845     0.77454054
    3846     0.78492996
    3847     0.77736300
    3848     0.79456012
    3849     0.81844862
    3850     0.75373254
    3851     0.75627486
    3852     0.80871264
    3853     0.81288810
    3854     0.80740922
    3855     0.68363588
    3856     0.69563494
    3857     0.79499958
    3858     0.76840678
    3859     0.61574070
    3860     0.76526474
    3861     0.72976922
    3862     0.71304068
    3863     0.74462648
    3864     0.75490276
    3865     0.74862212
    3866     0.73330030
    3867     0.66267476
    3868     0.67253882
    3869     0.69146434
    3870     0.68916040
    3871     0.68759700
    3872     0.59114928
    3873     0.67161650
    3874     0.61087612
    3875     0.66738372
    3876     0.66730522
    3877     0.61036680
    3878     0.64180096
    3879     0.66555388
    3880     0.61460850
    3881     0.61805996
    3882     0.62721574
    3883     0.63387132
    3884     0.62906424
    3885     0.59917020
    3886     0.62479548
    3887     0.64782728
    3888     0.68719158
    3889     0.65054346
    3890     0.60779778
    3891     0.64487768
    3892     0.64107714
    3893     0.64958054
    3894     0.69005564
    3895     0.73455768
    3896     0.69646648
    3897     0.68350302
    3898     0.68940996
    3899     0.71301770
    3900     0.70722696
    3901     0.76405076
    3902     0.72373254
    3903     0.70689048
    3904     0.73731944
    3905     0.72534234
    3906     0.66957186
    3907     0.67176150
    3908     0.71164032
    3909     0.70396650
    3910     0.58161348
    3911     0.62548218
    3912     0.71573538
    3913     0.65727786
    3914     0.62442120
    3915     0.62417364
    3916     0.71704194
    3917     0.61183254
    3918     0.60675568
    3919     0.70910740
    3920     0.63964444
    3921     0.59537618
    3922     0.64171570
    3923     0.68408502
    3924     0.60049606
    3925     0.60445412
    3926     0.70465346
    3927     0.60752498
    3928     0.61277506
    3929     0.71777008
    3930     0.62466998
    3931     0.63772106
    3932     0.72441532
    3933     0.63660026
    3934     0.65640724
    3935     0.72342036
    3936     0.64676376
    3937     0.70043684
    3938     0.67799378
    3939     0.65342518
    3940     0.73142322
    3941     0.64680704
    3942     0.64873176
    3943     0.72868136
    3944     0.67140860
    3945     0.68957628
    3946     0.70289798
    3947     0.65930186
    3948     0.72655636
    3949     0.68440568
    3950     0.69173964
    3951     0.71135908
    3952     0.67520204
    3953     0.71821418
    3954     0.67336168
    3955     0.69737856
    3956     0.71219096
    3957     0.69418048
    3958     0.68847662
    3959     0.69162522
    3960     0.70789904
    3961     0.69241380
    3962     0.69510950
    3963     0.70649734
    3964     0.69102284
    3965     0.70278318
    3966     0.69275104
    3967     0.69897298
    3968     0.68937030
    3969     0.68920208
    3970     0.69164298
    3971     0.68010830
    3972     0.68938566
    3973     0.68525858
    3974     0.68267270
    3975     0.65090556
    3976     0.66083510
    3977     0.67573536
    3978     0.67645034
    3979     0.66743810
    3980     0.65938296
    3981     0.64613214
    3982     0.66782850
    3983     0.66698632
    3984     0.66575130
    3985     0.66310158
    3986     0.66253050
    3987     0.66150254
    3988     0.65791436
    3989     0.65567708
    3990     0.65367842
    3991     0.65256588
    3992     0.64310522
    3993     0.64603828
    3994     0.64435644
    3995     0.63980044
    3996     0.64049396
    3997     0.64037928
    3998     0.63868240
    3999     0.63444302
    4000     0.63120546
